"gender" "age" "marker01" "marker02" "marker03" "marker04" "marker05" "marker06" "marker07" "marker08" "marker09" "marker10"
"male" 48 0 0 0 0 0 0 0 0 0 0
"female" 66 0 1 1 0 0 0 0 0 0 0
"male" 37 0 0 0 0 0 0 0 0 0 0
"female" 4 0 0 0 0 0 0 0 0 0 0
"female" 2 0 0 1 0 0 0 0 0 0 0
"male" 23 0 0 0 0 0 0 0 0 0 0
"male" 12 0 0 0 0 0 0 0 0 0 0
"female" 7 0 0 0 0 0 0 0 0 0 0
"female" 11 0 0 0 0 0 0 0 0 0 0
"female" 5 0 1 0 0 0 0 0 0 0 0
"female" 7 0 0 0 0 0 0 0 0 0 0
"male" 4 0 0 0 0 0 0 0 0 0 0
"female" 18 0 0 0 0 0 0 0 0 0 0
"female" 6 0 0 0 0 0 0 0 0 0 0
"male" 12 0 0 0 0 0 0 0 0 0 0
"female" 11 1 0 0 0 0 0 0 0 0 0
"female" 2 0 0 0 0 0 0 0 0 0 0
"male" 6 0 0 0 0 0 0 0 0 0 0
"male" 5 0 0 0 0 0 0 0 0 0 0
"female" 11 0 0 0 0 0 0 0 0 0 0
"female" 7 0 0 0 0 0 0 0 0 0 0
"female" 62 0 0 0 1 0 0 0 0 0 0
"female" 16 0 0 0 0 0 0 0 0 0 0
"male" 4 0 0 0 0 0 0 0 0 0 0
"female" 16 0 0 0 0 0 0 0 0 0 0
"male" 5 0 0 0 0 0 0 0 0 0 0
"male" 15 0 0 0 0 0 0 0 0 0 0
"male" 21 0 0 0 0 0 0 0 0 0 0
"female" 14 0 0 0 0 0 0 0 0 0 0
"male" 14 0 0 0 0 0 0 0 0 0 0
"male" 37 0 0 0 0 0 0 0 0 0 0
"male" 48 0 0 0 0 0 0 0 0 0 0
"male" 9 0 0 0 0 0 0 0 0 0 0
"female" 1 0 1 0 0 0 0 0 0 0 0
"male" 12 0 0 0 0 0 0 0 0 0 0
"female" 7 0 0 0 0 0 0 0 0 0 0
"female" 60 0 0 0 0 0 0 0 0 0 0
"female" 5 0 0 0 0 0 0 0 0 0 0
"female" 9 0 0 0 0 0 0 0 0 0 0
"male" 7 0 0 0 0 0 0 0 0 0 0
"male" 7 0 0 0 0 0 0 0 0 0 0
"male" 3 0 0 0 0 0 0 0 0 0 0
"female" 5 0 0 0 0 0 0 0 0 0 0
"male" 8 0 0 0 0 0 0 0 0 0 0
"female" 41 0 0 0 0 0 0 0 0 0 0
"male" 40 0 0 0 0 0 0 0 0 0 0
"female" 3 0 0 0 0 0 0 0 0 0 0
"male" 3 0 0 0 0 0 0 0 0 0 0
"male" 2 0 0 0 0 0 0 0 0 0 0
"male" 4 0 0 0 0 0 0 0 0 0 0
"female" 8 0 0 0 0 0 0 0 0 0 0
"male" 9 0 0 0 0 0 0 0 0 0 0
"male" 71 0 0 0 0 0 0 0 0 0 0
"male" 1 0 0 0 0 0 0 0 0 0 0
"female" 14 0 0 0 0 0 0 0 0 0 0
"male" 6 0 0 0 0 0 0 0 0 0 0
"male" 11 0 0 0 0 0 0 0 0 0 0
"female" 1 0 0 0 0 0 0 0 0 0 0
"female" 2 0 0 0 0 0 0 0 0 0 0
"female" 4 0 0 0 1 0 0 0 0 0 0
"male" 4 0 0 0 0 0 0 0 0 0 0
"female" 3 0 0 0 0 0 0 0 0 0 0
"male" 5 0 0 0 0 0 0 0 0 0 0
"female" 7 0 0 0 0 0 0 0 0 0 0
"female" 36 0 1 0 0 0 0 0 0 0 0
"female" 6 0 0 0 0 0 0 0 0 0 0
"female" 13 0 0 0 0 0 0 0 0 0 0
"male" 7 0 0 0 0 0 0 0 0 0 0
"male" 31 0 1 0 0 0 0 0 0 0 0
"female" 9 0 0 0 0 0 0 0 0 0 0
"female" 3 0 0 0 0 1 0 0 0 0 0
"male" 24 0 0 0 0 0 0 0 0 0 0
"male" 7 0 0 0 0 0 0 0 0 0 0
"male" 1 0 0 0 0 0 0 0 0 0 0
"female" 6 0 0 0 0 0 0 0 0 0 0
"female" 9 0 0 0 0 0 0 0 0 0 0
"female" 4 0 0 0 0 0 0 0 0 0 0
"female" 3 0 0 0 0 0 0 0 0 0 0
"male" 12 0 0 0 0 0 0 0 0 0 0
"female" 7 0 0 0 0 0 0 0 0 0 0
"male" 16 0 0 0 0 0 0 0 0 0 0
"male" 8 0 0 0 0 0 0 0 0 0 0
"male" 5 0 0 0 0 0 0 0 0 0 0
"male" 7 0 0 0 0 0 0 0 0 0 0
"female" 7 0 0 0 0 0 0 0 0 0 0
"female" 21 0 0 0 0 0 0 0 0 0 0
"male" 3 0 0 0 0 0 0 0 0 0 0
"female" 7 0 0 0 0 0 0 0 0 0 0
"female" 9 0 0 0 0 0 0 0 0 0 0
"female" 3 0 0 0 0 0 0 0 0 0 0
"female" 14 0 0 0 0 0 0 0 0 0 0
"female" 2 0 0 0 0 0 0 0 0 0 0
"male" 23 0 0 0 1 0 0 0 0 0 0
"female" 6 0 0 0 0 0 0 0 0 0 0
"male" 32 1 0 0 0 0 0 0 0 0 0
"female" 11 0 0 0 0 0 0 0 0 0 0
"male" 16 1 0 0 0 0 0 0 0 0 0
"female" 13 0 0 0 0 0 0 0 0 0 0
"male" 10 0 0 1 0 0 0 0 0 0 0
"female" 18 0 0 0 0 0 0 0 0 0 0
"male" 47 0 0 0 1 0 0 0 0 0 0
"female" 3 0 0 0 0 0 0 0 0 0 0
"male" 7 0 0 0 0 0 0 0 0 0 0
"female" 5 0 0 0 0 0 0 0 0 0 0
"female" 10 0 0 0 0 0 0 0 0 0 0
"male" 6 0 0 0 0 0 0 0 0 0 0
"female" 4 0 0 0 0 0 0 0 0 0 0
"male" 5 0 0 0 0 0 0 0 0 0 0
"female" 9 0 0 0 0 0 0 0 0 0 0
"male" 62 0 0 0 0 0 0 0 0 0 0
"male" 8 0 0 0 0 0 0 0 0 0 0
"female" 10 0 1 0 0 0 0 0 0 0 0
"female" 9 0 0 0 0 0 0 0 0 0 0
"female" 20 0 0 0 0 1 0 0 0 0 0
"female" 4 0 0 0 0 0 0 0 0 0 0
"male" 5 0 0 0 0 0 0 0 0 0 0
"male" 5 1 1 0 0 1 0 0 0 0 0
"female" 2 0 0 0 0 0 0 0 0 0 0
"female" 2 0 0 0 0 0 0 0 0 0 0
"male" 41 0 0 0 0 0 0 0 0 0 0
"male" 21 0 0 0 0 0 0 0 0 0 0
"male" 7 0 0 0 0 0 0 0 0 0 0
"male" 8 0 0 0 0 0 0 0 0 0 0
"female" 2 0 0 0 0 0 0 0 0 0 0
"male" 9 0 0 0 0 0 0 0 0 0 0
"male" 6 1 0 0 0 0 0 0 0 0 0
"male" 14 0 0 0 0 0 0 0 0 0 0
"female" 6 0 0 0 0 0 0 0 0 0 0
"female" 2 0 0 0 0 0 0 0 0 0 0
"female" 8 0 0 0 0 0 0 0 0 0 0
"female" 9 0 0 0 0 0 0 0 0 0 0
"female" 16 0 1 1 1 0 0 0 0 0 0
"male" 3 0 0 0 0 0 0 0 0 0 0
"female" 6 0 0 0 0 1 0 0 0 0 0
"male" 10 0 0 0 0 0 0 0 0 0 0
"female" 45 0 0 0 0 0 0 0 0 0 0
"female" 23 0 0 0 0 0 0 0 0 0 0
"male" 10 0 0 0 0 0 0 0 0 0 0
"male" 14 0 0 0 0 0 0 0 0 0 0
"male" 22 0 0 0 0 0 0 0 0 0 0
"female" 17 0 0 0 0 1 0 0 0 0 0
"female" 4 0 0 0 0 0 0 0 0 0 0
"male" 3 0 0 0 0 0 0 0 0 0 0
"male" 1 0 0 0 0 0 0 0 0 0 0
"male" 8 0 0 0 0 0 0 0 0 0 0
"male" 6 0 0 0 0 0 0 0 0 0 0
"male" 9 0 0 0 0 0 0 0 0 0 0
"male" 7 0 0 0 0 0 0 0 0 0 0
"female" 3 0 0 0 0 1 0 0 0 0 0
"male" 8 0 0 0 0 0 0 0 0 0 0
"female" 4 0 0 0 0 0 0 0 0 0 0
"male" 18 0 0 0 0 0 0 0 0 0 0
"female" 14 0 0 0 0 0 0 0 0 0 0
"male" 24 0 0 0 0 0 0 0 0 0 0
"male" 11 0 0 0 0 0 0 0 0 0 0
"male" 12 0 0 0 0 0 0 0 0 0 0
"male" 29 0 0 0 0 0 0 0 0 0 0
"male" 7 0 0 0 0 0 0 0 0 0 0
"female" 3 0 1 0 0 0 0 0 0 0 0
"male" 5 0 0 0 0 0 0 0 0 0 0
"male" 15 0 0 0 0 0 0 0 0 0 0
"female" 13 0 0 0 0 0 0 0 0 0 0
"male" 3 0 0 0 0 0 0 0 0 0 0
"male" 24 0 0 0 0 0 0 0 0 0 0
"female" 23 0 0 0 0 0 0 0 0 0 0
"female" 12 0 0 0 0 0 0 0 0 0 0
"male" 10 0 1 0 0 0 0 0 0 0 0
"male" 3 0 0 0 0 0 0 0 0 0 0
"male" 10 0 0 0 0 0 0 0 0 0 0
"female" 13 0 0 0 0 0 0 0 0 0 0
"female" 7 0 0 0 0 0 0 0 0 0 0
"male" 4 0 0 0 0 0 0 0 0 0 0
"female" 24 0 0 0 0 0 0 0 0 0 0
"female" 6 0 0 0 0 0 0 0 0 0 0
"male" 10 0 0 0 0 0 0 0 0 0 0
"male" 18 0 0 0 0 0 0 0 0 0 0
"male" 20 0 0 0 0 0 0 0 0 0 0
"female" 9 0 1 0 1 0 0 0 0 0 0
"male" 5 0 0 0 1 0 0 0 0 0 0
"male" 3 0 0 0 0 1 0 0 0 0 0
"female" 5 1 0 0 0 0 0 0 0 0 0
"female" 9 0 0 0 0 0 0 0 0 0 0
"female" 18 0 0 0 0 0 0 0 0 0 0
"male" 2 0 0 0 0 0 0 0 0 0 0
"male" 9 0 0 0 0 0 0 0 0 0 0
"male" 6 0 0 1 0 0 0 0 0 0 0
"male" 11 0 0 0 0 0 0 0 0 0 0
"female" 3 0 0 0 0 0 0 0 0 0 0
"male" 29 0 0 0 0 0 0 0 0 0 0
"female" 33 0 0 0 0 0 0 0 0 0 0
"female" 2 0 0 0 0 0 0 0 0 0 0
"male" 3 0 0 0 0 0 0 0 0 0 0
"female" 8 0 0 0 0 0 0 0 0 0 0
"female" 1 0 0 0 0 0 0 0 0 0 0
"female" 8 0 0 0 0 0 0 0 0 0 0
"female" 6 0 0 0 0 0 0 0 0 0 0
"female" 14 0 0 0 0 0 0 0 0 0 0
"female" 9 0 0 0 0 0 0 0 0 0 0
"female" 20 0 0 0 0 0 0 0 0 0 0
"male" 3 0 0 0 0 0 0 0 0 0 0
"female" 3 0 0 0 0 0 0 0 0 0 0
"female" 4 0 0 0 0 0 0 0 0 0 0
"male" 48 0 0 0 0 0 0 0 0 0 0
"female" 6 0 0 0 0 0 0 0 0 0 0
"female" 7 0 0 0 0 0 0 0 0 0 0
"female" 4 0 0 0 0 0 0 0 0 0 0
"male" 2 0 0 0 0 0 0 0 0 0 0
"female" 4 0 0 0 0 0 0 0 0 0 0
"female" 8 0 0 0 0 0 0 0 0 0 0
"female" 21 0 0 1 0 0 0 0 0 0 0
"male" 26 0 0 0 0 0 0 0 0 0 0
"male" 8 0 1 0 0 0 0 0 0 0 0
"female" 73 0 1 0 0 0 0 0 0 0 0
"female" 15 0 0 0 0 0 0 0 0 0 0
"male" 26 0 0 0 0 0 0 0 0 0 0
"male" 30 1 0 0 0 0 0 0 0 0 0
