"gender" "age" "marker01" "marker02" "marker03" "marker04" "marker05" "marker06" "marker07" "marker08" "marker09" "marker10"
"female" 6 0 0 0 0 0 0 0 0 0 0
"female" 4 0 0 0 0 0 0 0 0 0 0
"female" 25 0 0 0 0 0 0 1 0 0 0
"male" 11 0 0 0 0 0 0 0 0 0 0
"female" 43 0 0 0 0 0 0 0 0 0 0
"male" 7 0 0 0 1 0 0 0 0 0 0
"female" 4 0 0 0 0 0 0 1 0 0 0
"female" 7 0 0 0 0 0 0 0 0 0 0
"female" 3 0 0 0 0 0 0 0 0 0 0
"female" 16 0 0 0 0 0 0 0 0 0 0
"female" 6 0 0 0 0 0 0 0 0 0 0
"female" 2 0 0 0 0 0 0 0 0 0 0
"female" 10 0 0 0 1 0 1 0 0 0 0
"male" 3 0 0 0 0 0 0 0 0 0 0
"male" 43 0 0 0 1 0 0 1 0 0 0
"male" 28 0 0 0 0 0 0 0 0 0 0
"male" 5 0 0 0 0 0 0 1 0 0 0
"male" 5 0 0 0 0 0 0 0 1 0 0
"female" 5 0 0 0 0 0 0 0 0 0 0
"female" 1 0 0 0 0 0 0 0 0 0 0
"male" 6 0 0 0 0 0 0 0 0 0 0
"male" 9 0 0 0 0 0 1 1 0 0 0
"male" 5 0 0 0 0 0 0 1 0 0 0
"male" 36 0 0 0 0 0 0 0 0 0 0
"female" 22 0 0 0 0 0 0 1 0 0 0
"male" 5 0 0 0 0 0 0 0 0 0 0
"female" 3 0 0 0 0 0 1 0 0 0 0
"female" 4 0 0 0 0 0 0 0 0 0 0
"female" 3 0 0 0 0 0 0 0 0 0 0
"male" 4 0 0 0 0 0 0 0 0 0 0
"female" 9 0 0 0 0 0 0 0 0 0 0
"male" 34 0 0 0 0 0 0 0 0 0 0
"male" 12 0 0 0 0 0 0 0 0 0 0
"male" 5 0 0 0 0 0 0 0 0 0 0
"female" 15 0 0 0 0 0 0 1 0 0 1
"male" 8 0 0 0 0 0 0 0 0 0 0
"male" 17 0 0 0 0 0 0 0 0 0 0
"female" 10 0 0 0 0 0 0 0 0 0 0
"male" 16 0 0 0 0 1 0 0 0 0 0
"male" 4 0 0 0 0 0 0 0 0 0 0
"female" 4 0 0 0 0 0 0 0 0 0 0
"male" 11 0 0 0 0 0 0 0 0 0 0
"female" 10 0 0 0 0 0 0 0 0 0 0
"female" 77 0 0 0 0 0 0 0 0 0 1
"male" 7 0 0 0 0 0 0 0 0 0 0
"male" 25 0 0 0 0 0 0 0 0 0 0
"female" 17 0 0 0 0 0 0 0 0 0 0
"male" 12 0 0 0 0 0 0 0 0 0 0
"male" 8 0 0 0 0 1 0 0 0 0 0
"female" 7 0 0 0 0 0 0 0 0 0 0
"male" 9 0 0 0 1 0 0 1 0 0 0
"female" 7 0 0 0 0 0 0 0 0 0 0
"female" 42 0 0 0 0 0 0 0 0 0 0
"male" 45 0 0 0 0 0 0 0 0 0 0
"female" 5 0 0 0 0 0 1 0 1 1 0
"female" 13 0 0 0 0 0 1 0 0 0 0
"female" 11 0 0 0 0 0 0 0 0 0 0
"female" 3 0 0 0 0 0 1 0 0 0 0
"female" 6 0 0 0 0 0 0 0 0 0 0
"female" 15 0 0 0 1 0 0 0 0 0 0
"male" 9 0 0 0 0 0 0 0 0 0 0
"male" 8 0 0 0 0 0 0 0 0 0 0
"female" 2 0 0 0 0 0 0 0 0 0 0
"male" 14 0 0 0 0 0 1 0 0 0 0
"female" 3 0 0 0 0 0 0 0 0 0 0
"female" 4 0 0 0 0 0 0 0 0 0 0
"male" 14 0 0 0 0 0 0 0 0 0 0
"female" 79 0 0 0 0 0 0 0 0 0 0
"female" 16 0 0 0 0 0 0 1 0 0 0
"female" 18 0 0 0 0 0 0 0 0 0 0
"female" 6 0 0 0 0 0 0 0 0 0 0
"female" 4 0 0 0 1 1 0 0 0 1 0
"female" 9 0 0 0 1 0 1 0 0 0 0
"female" 3 0 0 0 0 1 0 0 0 0 0
"male" 8 0 0 0 0 1 0 1 0 0 0
"male" 13 0 0 0 0 0 0 0 0 0 0
"female" 7 0 0 0 0 1 0 0 0 0 0
"male" 7 0 0 0 0 0 0 1 0 0 0
"male" 11 0 0 0 0 0 0 0 0 0 0
"male" 4 0 0 0 1 0 0 0 0 0 0
"female" 40 0 0 0 0 0 1 0 0 0 0
"female" 10 0 0 0 0 0 0 1 0 0 0
"male" 2 0 0 0 0 0 0 0 0 0 0
"male" 29 0 0 0 0 0 0 0 0 0 0
"female" 8 0 0 0 0 0 0 0 0 0 0
"female" 15 0 0 0 0 0 0 0 0 0 0
"female" 25 0 0 0 0 0 0 0 0 0 0
"female" 20 0 0 0 0 0 0 0 0 0 0
"female" 1 0 0 0 0 0 0 0 0 0 0
"male" 5 0 0 0 0 0 0 1 0 0 0
"male" 4 0 0 0 0 0 0 0 0 0 0
"female" 3 0 0 0 0 0 0 0 0 0 0
"female" 3 0 0 0 0 0 0 0 0 0 0
"male" 17 0 0 0 0 0 0 1 0 0 0
"male" 38 0 0 0 0 1 1 0 0 0 0
"female" 10 0 0 0 1 0 0 0 0 0 0
"female" 8 0 0 0 0 0 0 0 0 0 0
"male" 15 0 0 0 0 0 0 0 0 0 0
"female" 3 0 0 0 0 0 1 0 0 0 0
"male" 4 0 0 0 0 0 0 0 0 0 0
"male" 26 0 0 0 0 0 0 0 0 0 0
"male" 6 0 0 0 0 0 0 0 0 0 0
"female" 2 0 0 0 0 0 0 0 0 0 0
"male" 14 0 0 0 0 1 0 0 0 0 0
"male" 5 0 0 0 0 0 0 0 0 0 0
"male" 4 0 0 0 0 0 0 0 0 0 0
"female" 12 0 0 0 0 0 0 0 0 0 0
"female" 4 0 0 0 1 0 0 0 0 0 0
"female" 9 0 0 0 0 0 0 0 0 0 0
"female" 8 0 0 0 0 0 0 0 0 0 0
"female" 6 0 0 0 0 0 0 0 0 0 0
"male" 13 0 0 0 0 0 0 0 0 0 0
"female" 15 0 0 0 0 1 0 0 0 0 0
"male" 88 0 0 0 1 1 0 0 1 0 1
"male" 10 0 0 0 0 0 0 0 0 0 0
"male" 21 0 0 0 0 1 0 1 0 0 0
"female" 5 0 0 0 0 0 1 1 0 0 0
"male" 29 0 0 0 0 0 1 0 0 1 0
"female" 35 0 0 0 0 0 1 0 0 0 0
"male" 3 0 0 0 0 0 0 0 0 0 0
"male" 11 0 0 0 0 0 0 0 0 0 0
"male" 11 0 0 0 0 0 0 0 0 0 0
"female" 3 0 0 0 0 0 0 0 0 0 0
"female" 5 0 0 0 0 0 0 0 0 0 0
"male" 14 0 0 0 0 0 0 0 0 0 0
"male" 11 0 0 0 0 0 0 0 0 0 0
"female" 19 0 0 0 0 0 0 0 0 0 0
"male" 4 0 0 0 0 0 0 1 0 0 0
"male" 41 0 0 0 0 0 0 0 0 0 0
"female" 2 0 0 0 0 0 0 0 0 0 0
"male" 8 0 0 0 0 0 1 0 0 0 0
"male" 11 0 0 0 0 1 0 0 0 0 0
"female" 11 0 0 0 0 0 0 0 0 0 0
"female" 6 0 0 0 1 0 0 0 0 0 0
"male" 5 0 0 1 0 0 0 0 0 0 0
"male" 2 0 0 0 0 0 0 0 0 0 0
"male" 14 0 0 0 0 0 0 0 0 0 0
"female" 11 0 0 0 0 0 1 0 0 0 0
"female" 6 0 0 0 0 1 1 0 0 0 0
"male" 4 0 0 0 0 0 0 0 0 0 0
"female" 4 0 0 0 0 0 0 0 0 0 0
"male" 3 0 0 0 0 0 0 0 0 0 0
"female" 4 0 0 0 0 0 0 0 0 0 0
"female" 42 0 0 0 0 0 0 0 0 0 0
"female" 14 0 0 0 0 0 0 0 0 0 0
"male" 6 0 0 0 0 0 0 1 0 0 0
"male" 8 0 0 0 0 0 0 0 0 0 0
"female" 4 0 0 0 0 0 0 1 0 0 0
"female" 10 0 0 0 0 0 0 0 0 0 0
"male" 1 0 0 0 0 0 0 1 0 0 0
"male" 9 0 0 0 1 0 0 0 0 0 0
"female" 42 0 0 0 0 0 1 0 0 0 0
"male" 4 0 0 0 0 0 0 0 0 0 0
"female" 18 0 0 0 0 1 0 1 0 0 0
"female" 24 0 0 0 0 1 0 0 0 0 0
"female" 19 0 0 0 1 0 0 0 0 0 0
"male" 3 0 0 0 1 0 0 0 0 0 0
"female" 12 0 0 0 0 0 0 0 0 0 0
"male" 10 0 0 0 0 0 0 0 0 0 0
"female" 7 0 0 0 0 0 0 0 0 0 0
"male" 3 0 0 0 0 0 0 0 0 0 0
"female" 3 0 0 0 0 1 0 0 1 0 0
"male" 6 0 0 0 0 0 0 0 0 0 0
"male" 2 0 0 0 0 1 0 0 0 0 0
"male" 4 0 0 0 1 0 0 0 0 0 0
"female" 4 0 0 0 0 0 0 0 0 0 0
"male" 9 0 0 0 0 1 0 0 0 0 0
"male" 3 0 0 0 0 0 1 0 0 0 0
"male" 18 0 0 0 1 0 0 0 0 0 0
"female" 7 0 0 0 0 0 1 0 0 0 0
"female" 22 0 0 0 0 0 0 0 0 0 0
"female" 14 0 0 0 0 0 0 0 0 0 0
"female" 5 0 0 0 0 1 0 0 0 0 0
"female" 32 0 0 0 0 0 0 0 0 0 0
"male" 13 0 0 0 0 0 1 1 0 0 0
"female" 8 0 0 0 0 0 0 0 0 0 0
"female" 48 0 0 0 0 0 0 0 0 0 0
"female" 2 0 0 0 0 1 0 0 0 0 0
"male" 23 0 0 0 1 0 0 0 0 0 0
"male" 4 0 0 0 0 0 0 0 0 0 0
"male" 6 0 0 0 1 0 0 0 0 0 0
"male" 5 0 0 0 0 0 0 0 0 0 0
"male" 9 0 0 0 1 1 0 0 0 0 0
"male" 16 0 0 0 0 0 0 1 0 0 0
"male" 9 0 0 0 0 0 1 0 0 0 0
"female" 5 0 0 0 0 0 0 0 0 0 0
"female" 3 0 0 0 0 0 0 0 0 0 0
"male" 4 0 0 0 0 0 0 1 0 0 0
"female" 38 0 0 0 0 0 0 1 0 0 0
"male" 3 0 0 0 0 0 0 0 0 0 0
"female" 13 0 0 0 0 1 0 0 0 0 0
"female" 60 0 0 0 0 0 0 0 0 0 0
"female" 4 0 0 0 1 0 0 0 0 0 0
"male" 23 0 0 0 0 0 0 0 0 0 0
"female" 6 0 0 0 0 0 0 0 0 0 0
"female" 7 0 0 0 0 0 0 0 0 0 0
"male" 3 0 0 0 0 1 0 0 0 0 0
"male" 16 0 0 0 0 0 1 0 0 0 0
"male" 11 0 0 0 0 0 0 0 0 0 0
"male" 14 0 1 0 0 0 0 1 0 0 0
"female" 56 0 0 0 0 0 0 0 0 0 0
"male" 51 0 0 0 0 1 0 0 0 0 0
"male" 12 0 0 0 0 0 0 0 0 0 0
"female" 35 0 0 0 0 0 0 0 0 0 0
"male" 5 0 0 0 0 0 0 0 0 0 0
"male" 2 0 0 0 0 0 0 0 0 0 0
"female" 5 0 0 0 0 0 0 0 0 0 0
"female" 3 0 0 0 0 0 0 0 0 0 0
"female" 20 0 0 0 0 0 0 0 0 0 0
"female" 21 0 0 0 0 0 0 0 0 0 0
"female" 2 0 0 0 0 0 0 1 0 0 0
"female" 19 0 0 0 0 0 0 0 0 0 0
"male" 8 0 0 0 0 0 0 0 0 0 0
"male" 1 0 0 0 0 0 0 0 0 0 0
"female" 6 0 0 0 0 0 0 0 0 0 0
"female" 23 0 0 0 0 0 0 0 0 0 0
"female" 17 0 0 0 0 0 0 0 0 0 0
"female" 11 0 0 0 0 0 0 0 0 0 0
"female" 10 0 0 0 0 0 1 0 0 0 0
"male" 6 0 0 0 0 0 0 0 0 0 0
"male" 14 0 0 0 0 0 0 0 0 0 0
"female" 1 0 0 0 1 0 0 0 0 0 0
"female" 2 0 0 0 0 0 1 0 0 0 0
"female" 6 0 0 0 0 0 1 0 0 0 0
"male" 3 0 0 0 1 1 0 0 0 0 0
"male" 42 0 0 0 0 0 0 0 0 0 0
"male" 9 0 0 0 0 0 0 0 0 0 0
"male" 22 0 0 0 0 0 0 0 0 0 0
"male" 6 0 0 0 0 0 0 0 0 0 0
"male" 11 0 0 0 0 0 0 0 0 0 0
"female" 2 0 0 0 0 0 0 0 0 1 0
"male" 7 0 0 0 0 0 0 0 0 0 0
"male" 4 0 0 0 0 0 1 0 0 0 0
"female" 19 0 0 0 0 0 0 0 0 0 0
"male" 5 0 0 0 0 0 0 0 0 0 0
"male" 10 0 0 0 0 0 0 0 0 0 0
"female" 2 0 0 0 0 0 0 0 0 0 0
"male" 5 0 0 0 0 0 0 0 0 0 0
"female" 2 0 0 0 0 0 0 0 0 0 0
"male" 32 0 0 0 0 0 0 1 0 0 0
"female" 14 0 0 0 0 0 0 0 0 0 0
"female" 7 0 0 0 0 0 0 0 0 0 0
"male" 9 0 0 0 1 0 0 0 0 0 0
"male" 9 0 0 0 0 1 0 0 0 0 0
"male" 3 0 0 0 0 0 0 0 0 0 0
"female" 15 0 0 0 0 0 0 0 0 0 0
"female" 58 0 0 0 0 1 0 0 0 0 0
"female" 10 0 0 0 0 0 0 0 0 0 0
"female" 2 0 0 0 0 0 0 0 0 0 0
"male" 1 0 0 0 0 0 0 0 0 0 0
"female" 20 0 0 0 0 0 0 0 0 0 0
"female" 10 0 0 0 0 1 0 0 0 0 0
"male" 3 0 0 0 0 0 0 0 0 0 0
"female" 39 0 0 0 1 0 0 0 0 0 0
"female" 7 0 0 0 0 0 0 0 0 0 0
"male" 5 0 0 0 1 0 0 0 0 0 0
"female" 76 0 0 0 0 0 0 0 0 0 0
"male" 7 0 0 0 0 0 0 0 0 0 0
"female" 19 0 0 0 0 0 0 0 0 0 0
"male" 10 0 0 0 1 0 0 0 0 0 0
"female" 17 0 0 0 0 0 0 0 0 0 0
"female" 29 0 0 0 0 0 0 0 0 0 0
"male" 5 0 0 0 0 0 0 0 0 0 0
"female" 25 0 0 0 1 0 0 0 0 0 0
"male" 10 0 0 0 0 1 0 1 0 0 0
"male" 7 0 0 0 0 0 0 0 0 0 0
"female" 3 0 0 0 1 0 0 0 0 0 0
"female" 5 0 0 0 0 1 0 0 0 0 0
"female" 11 0 0 0 0 0 0 0 0 0 0
"male" 13 0 0 0 0 0 0 0 0 0 0
"male" 24 0 0 0 0 0 0 0 0 0 0
"male" 16 0 0 0 0 0 0 0 0 0 0
"female" 11 0 0 0 0 0 0 0 0 0 0
"male" 25 0 0 0 0 1 0 0 0 0 0
"male" 41 0 0 0 0 1 0 0 0 0 0
"female" 8 0 0 0 0 1 0 0 0 0 0
"female" 6 0 0 0 0 0 0 0 1 0 0
"female" 8 0 0 0 0 0 0 0 0 0 0
"female" 6 0 0 0 1 0 0 0 0 0 0
"female" 7 0 0 0 0 0 0 0 0 0 0
"female" 17 0 0 0 0 0 1 1 0 0 0
"female" 3 0 0 0 0 0 0 0 0 0 0
"female" 11 0 0 0 0 0 0 0 0 0 0
"male" 3 0 0 0 1 0 0 0 0 0 0
"female" 5 0 0 0 0 0 0 0 0 0 0
"male" 11 0 0 0 0 0 0 0 0 0 0
"male" 11 0 0 0 0 0 1 0 0 0 0
"female" 4 0 0 0 0 0 0 0 0 0 0
"female" 89 0 0 0 0 0 0 0 0 0 0
"female" 20 0 0 0 1 0 0 0 0 0 0
"male" 9 0 0 0 0 1 0 1 0 0 0
"female" 12 0 0 0 0 0 1 0 0 0 0
"male" 10 0 0 0 0 0 0 0 0 0 0
"male" 35 0 0 0 0 0 1 0 0 0 0
"female" 6 0 0 0 1 0 0 0 0 0 0
"female" 3 0 0 0 1 0 0 0 0 0 0
"male" 16 0 0 0 0 0 0 0 0 0 0
"male" 5 0 0 0 0 0 0 0 0 0 0
"male" 20 0 0 0 0 0 0 0 0 0 0
"male" 16 0 0 0 1 0 1 0 0 0 0
"male" 2 0 0 0 0 1 0 1 0 0 0
"female" 11 0 0 0 0 0 0 0 0 0 0
"male" 11 0 0 0 0 0 0 0 0 0 0
"female" 5 0 0 0 0 0 0 0 0 0 0
"male" 5 0 0 0 0 0 0 0 0 0 0
"male" 15 0 0 0 0 0 0 0 0 0 0
"female" 4 0 0 0 0 0 0 0 0 0 0
"female" 3 0 0 0 1 1 0 0 0 0 0
"female" 4 0 0 0 0 0 0 0 0 0 0
"male" 14 0 0 0 0 0 0 0 0 0 0
"male" 9 0 0 0 1 0 0 0 0 0 0
"female" 18 0 0 0 0 0 0 0 0 0 0
"male" 5 0 0 0 1 0 0 0 0 0 0
"male" 7 0 0 0 1 0 0 0 0 0 0
"male" 9 0 0 0 0 0 0 0 0 0 0
"female" 9 0 0 0 0 1 0 0 0 0 0
"male" 2 0 0 0 0 0 0 0 0 0 0
"male" 29 0 0 0 0 0 0 0 0 0 0
"female" 23 0 0 0 0 0 0 0 0 0 0
"female" 16 0 0 0 0 0 0 1 0 0 0
"male" 5 0 0 0 0 0 0 0 0 0 0
"male" 3 0 0 0 0 1 0 0 0 0 0
"male" 9 0 0 0 0 0 0 0 0 0 0
"female" 2 0 0 0 0 0 0 0 0 0 0
"female" 6 0 0 0 0 1 1 0 0 0 0
"male" 11 0 0 0 0 0 1 0 0 0 0
"female" 6 0 0 0 0 1 0 0 0 0 0
"male" 22 0 0 0 0 0 0 0 0 0 0
"female" 12 0 0 0 1 0 0 0 0 0 0
"male" 4 0 0 0 0 0 0 0 0 0 0
"female" 3 0 0 0 1 0 0 0 0 0 0
"male" 7 0 0 0 0 0 0 0 0 0 0
"male" 15 0 0 0 0 0 0 0 0 0 0
"male" 1 0 0 0 0 0 0 0 0 0 0
"female" 21 0 0 0 0 0 0 0 0 0 0
"male" 31 0 0 0 1 0 1 1 0 0 0
"female" 18 0 0 0 0 0 0 0 0 0 0
"female" 2 0 0 0 0 0 0 1 0 0 0
"female" 20 0 0 0 0 0 0 1 0 0 0
"male" 6 0 0 0 0 0 0 0 0 0 0
"female" 15 0 0 0 0 0 0 0 0 0 0
"male" 4 0 0 0 0 0 0 0 0 0 0
"male" 23 0 0 0 0 0 0 1 0 0 0
"female" 3 0 0 0 1 0 0 0 0 0 0
"male" 75 0 0 0 0 0 0 0 0 0 0
"female" 3 0 0 0 1 0 1 0 0 0 0
"female" 16 0 0 0 0 0 1 0 0 0 0
"female" 6 0 0 0 0 0 0 0 0 0 0
"female" 4 0 0 0 0 0 0 0 0 0 0
"female" 11 0 0 0 0 0 1 0 0 0 0
"female" 16 0 0 0 1 0 1 0 0 0 0
"female" 6 0 0 0 0 0 0 0 0 0 0
"male" 3 0 0 0 0 0 0 0 0 0 0
"female" 3 0 0 0 1 0 0 1 0 0 0
"male" 12 0 0 0 0 0 0 0 0 0 0
"female" 8 0 0 0 0 0 0 0 0 0 0
"female" 4 0 0 0 0 0 0 0 0 0 0
"female" 26 0 0 0 0 0 0 0 0 0 0
"female" 7 0 0 0 0 0 0 0 0 0 0
"male" 3 0 0 0 0 0 0 0 0 0 0
"male" 4 0 0 0 0 0 0 0 0 0 0
"female" 21 0 0 0 0 0 0 0 0 0 0
"male" 8 0 0 0 0 0 0 0 0 0 0
"female" 2 0 0 0 0 0 0 0 0 0 0
"male" 8 0 0 0 0 1 0 0 0 0 0
"male" 14 0 0 0 0 0 0 0 0 0 0
"male" 3 0 0 0 0 0 0 0 0 0 0
"female" 11 0 0 0 0 0 0 0 0 0 0
"female" 14 0 0 0 1 0 0 0 0 0 0
"female" 39 0 0 0 0 0 0 0 0 0 0
"female" 6 0 0 0 0 0 1 0 0 0 0
"female" 3 0 0 0 0 0 0 0 0 0 0
"male" 3 0 0 0 0 0 0 0 0 0 0
"male" 23 0 0 0 0 0 0 0 0 0 0
"female" 13 0 0 0 0 0 0 1 0 0 0
"female" 9 0 0 0 0 1 0 0 0 0 0
"female" 10 0 0 0 0 0 0 0 0 0 0
"male" 7 0 0 0 0 0 1 0 0 0 0
"female" 4 0 0 0 0 0 0 0 0 0 0
"male" 5 0 0 0 0 0 0 1 0 0 0
"female" 10 0 0 0 0 0 1 0 0 0 0
"female" 18 0 0 0 0 0 0 1 0 0 0
"female" 31 0 0 0 0 0 0 0 0 0 0
"male" 105 0 0 0 0 0 0 0 0 0 0
"female" 1 0 0 0 0 0 0 0 0 0 0
"female" 5 0 0 0 0 0 0 0 0 0 0
"male" 4 0 0 0 0 0 0 0 0 0 0
"female" 9 0 0 0 0 0 0 1 0 0 0
"male" 21 0 0 0 0 0 0 0 0 0 0
"male" 6 0 0 0 0 0 0 0 0 0 0
"male" 10 0 0 0 0 0 0 0 0 0 0
"female" 3 0 0 0 0 0 0 0 0 0 0
"male" 2 0 0 0 0 0 0 0 0 0 0
"male" 3 0 0 0 0 0 0 0 0 0 0
"male" 43 0 0 0 0 0 0 1 0 0 0
"female" 3 0 0 0 0 0 0 0 0 0 0
"male" 8 0 0 0 0 0 0 0 0 0 0
"female" 4 0 0 0 0 0 0 0 0 0 0
"male" 5 0 0 0 0 0 0 0 0 0 0
"female" 10 0 0 0 0 0 0 0 0 0 0
"male" 12 0 0 0 0 0 0 0 0 0 0
"male" 7 0 0 0 0 0 0 0 0 0 0
"female" 4 0 0 0 0 0 0 0 0 0 0
"male" 9 0 0 0 0 0 0 0 0 0 0
"female" 3 0 0 0 0 0 0 0 0 0 0
"male" 2 0 0 0 0 0 0 0 0 0 0
"female" 4 0 0 0 0 0 0 0 0 0 0
"male" 4 0 0 0 0 0 0 0 0 0 0
"male" 2 0 0 0 0 0 0 0 0 0 0
"male" 7 0 0 0 0 0 0 1 0 0 0
"male" 5 0 0 0 1 0 0 0 0 0 0
"male" 15 0 0 0 0 0 0 1 0 0 0
"female" 83 0 0 0 0 0 0 0 0 0 0
"female" 79 0 0 0 1 0 0 0 0 0 0
"female" 14 0 0 0 0 0 0 0 0 0 0
"female" 19 0 0 0 0 0 0 0 0 0 0
"male" 7 0 0 0 1 0 0 0 0 0 0
"female" 3 0 0 0 0 0 0 0 0 0 0
"female" 2 0 0 0 0 1 0 0 0 0 0
"male" 28 0 0 0 1 1 0 0 0 0 0
"male" 5 0 0 0 0 0 0 0 0 0 0
"male" 4 0 0 0 0 0 0 1 0 0 0
"female" 5 0 0 0 0 0 0 0 0 0 0
"female" 17 0 0 0 0 0 0 0 0 0 0
"female" 7 0 0 0 0 0 0 0 0 0 0
"male" 2 0 0 0 0 0 1 0 0 1 0
"male" 3 0 0 0 0 0 0 0 0 0 0
"female" 17 0 0 0 0 0 1 0 0 0 0
"male" 8 0 0 0 0 1 1 0 0 0 0
"female" 56 0 0 0 0 0 0 0 0 0 0
"male" 20 0 0 0 0 0 0 0 0 0 0
"male" 12 0 0 0 0 1 0 0 0 0 0
"female" 3 0 0 0 1 0 0 0 0 0 0
"male" 3 0 0 0 0 0 0 0 0 0 0
"male" 25 0 0 0 0 0 0 0 0 0 0
"female" 27 0 0 0 0 1 0 0 0 0 0
"male" 3 0 0 0 0 0 0 0 0 0 0
"female" 27 0 0 0 0 0 0 0 0 0 0
"female" 6 0 0 0 0 0 1 0 0 0 0
"female" 11 0 0 0 0 0 0 0 0 0 0
"male" 7 0 0 0 0 0 0 0 0 0 0
"male" 33 0 0 0 0 0 1 0 0 0 0
"female" 11 0 0 0 0 0 0 0 0 0 0
"female" 3 0 0 0 0 0 1 0 0 0 0
"male" 1 0 0 0 0 0 0 1 0 0 0
"male" 6 0 0 0 0 0 0 0 0 0 0
"male" 10 0 0 0 0 0 0 0 0 0 0
"male" 4 0 0 0 0 0 0 0 0 0 0
"female" 3 0 0 0 0 0 0 0 0 0 0
"female" 8 0 0 0 0 0 0 1 0 0 0
"male" 7 0 0 0 0 0 0 0 0 0 0
"female" 7 0 0 0 1 0 0 0 0 0 0
"male" 8 0 0 0 0 0 0 0 0 0 0
"female" 1 0 0 0 0 0 0 0 0 0 0
"female" 4 0 0 0 0 0 0 0 0 0 0
"male" 8 0 0 0 0 0 0 0 0 0 0
"female" 6 0 0 0 0 0 0 0 0 0 0
"female" 11 0 0 0 0 0 1 1 0 0 0
"male" 7 0 0 0 0 0 0 0 0 0 0
"female" 14 0 0 0 0 0 0 0 0 0 0
"female" 6 0 0 0 0 0 0 0 0 0 0
"female" 10 0 0 0 0 0 0 0 0 0 0
"female" 5 0 0 0 0 0 1 0 0 0 0
"male" 7 0 0 0 0 0 0 1 0 0 0
"male" 9 0 0 0 0 0 1 0 0 0 0
"male" 3 0 0 0 0 0 0 1 0 0 0
"male" 6 0 0 0 0 0 0 0 0 0 0
"female" 74 0 0 0 0 0 0 0 0 0 0
"female" 3 0 0 0 0 0 0 0 0 0 0
"female" 93 0 0 0 0 0 0 0 0 0 0
"male" 15 0 0 0 1 0 0 0 0 0 0
"male" 7 0 0 0 0 0 0 1 0 0 0
"female" 21 0 0 0 0 0 0 0 0 0 0
"female" 19 0 0 0 0 0 1 1 0 0 0
