"gender" "age" "marker01" "marker02" "marker03" "marker04" "marker05" "marker06" "marker07" "marker08" "marker09" "marker10"
"female" 5 0 0 0 0 0 0 0 0 1 0
"male" 7 0 0 0 0 0 0 1 0 0 0
"female" 51 0 0 0 0 0 0 0 0 0 1
"male" 6 0 0 0 1 0 0 0 1 0 0
"male" 11 0 0 0 0 0 0 0 0 0 1
"female" 4 0 0 0 0 0 0 1 1 1 1
"female" 15 0 0 0 0 0 0 0 1 1 1
"male" 24 0 0 0 0 0 0 0 0 0 1
"female" 7 0 0 0 0 0 0 0 0 1 0
"female" 6 0 0 0 0 0 0 0 1 0 0
"male" 23 0 0 0 0 0 1 1 0 0 1
"female" 60 0 0 0 0 0 1 0 0 0 0
"male" 27 0 0 0 0 0 0 0 1 1 0
"male" 43 0 0 0 0 0 1 0 0 0 0
"male" 9 0 0 0 0 0 1 1 1 0 1
"male" 6 0 0 0 0 0 0 1 0 1 1
"female" 15 0 0 0 0 0 0 1 0 1 0
"female" 33 0 0 0 0 0 0 0 1 0 0
"male" 19 0 0 0 0 0 0 0 1 0 0
"male" 18 0 0 0 0 0 0 1 0 0 0
"male" 11 0 0 0 0 0 0 0 1 0 0
"male" 25 0 0 0 0 0 0 0 0 0 1
"female" 14 0 0 0 0 0 0 1 0 0 1
"male" 3 0 0 0 0 0 1 0 0 0 1
"male" 10 0 0 0 0 0 0 0 1 0 0
"male" 7 0 0 0 0 0 1 0 0 1 1
"female" 2 0 0 0 0 0 0 0 1 1 0
"male" 12 0 0 0 0 0 0 1 1 0 0
"male" 16 0 0 0 0 0 0 0 0 0 1
"female" 2 0 0 0 0 0 0 0 1 0 0
"male" 11 0 0 0 0 0 0 1 1 0 0
"female" 4 0 0 0 0 0 0 1 0 0 0
"male" 9 0 0 0 0 0 0 0 1 0 0
"male" 7 0 0 0 0 0 0 0 0 1 1
"female" 22 0 0 0 0 1 0 0 1 1 1
"male" 16 0 0 0 0 0 0 1 1 0 0
"male" 4 0 0 0 1 0 0 0 0 0 0
"male" 5 0 0 0 0 0 1 0 0 0 0
"male" 4 0 0 0 0 0 0 1 0 0 0
"male" 10 0 0 0 0 0 0 0 0 0 0
"female" 10 0 0 0 0 0 0 0 0 0 0
"female" 34 0 0 0 0 0 0 0 0 1 1
"female" 5 0 0 0 0 0 1 0 0 0 0
"male" 6 0 0 0 0 0 0 0 1 0 1
"male" 7 0 0 0 0 0 0 0 0 0 1
"female" 2 0 0 0 0 0 0 0 0 0 0
"male" 10 0 0 0 0 0 1 1 0 0 1
"male" 19 0 0 0 0 0 0 0 0 1 0
"male" 3 0 0 0 0 0 0 1 1 0 0
"male" 9 0 0 0 0 0 0 0 1 0 0
"male" 17 0 0 0 0 0 1 0 1 1 0
"male" 12 0 0 0 0 0 0 0 1 0 0
"female" 16 0 0 0 0 0 0 0 0 0 0
"female" 6 0 0 0 0 0 1 0 1 0 1
"male" 7 0 0 0 0 1 1 0 0 0 0
"male" 2 0 0 0 0 0 1 0 0 0 0
"female" 4 0 0 0 0 0 0 1 1 0 0
"male" 17 0 0 0 1 0 1 1 0 0 0
"male" 8 0 0 0 0 0 1 1 1 0 0
"female" 8 0 0 0 0 0 1 0 0 0 0
"female" 4 0 0 0 0 0 0 0 1 1 0
"male" 13 0 0 0 0 0 1 0 0 0 0
"female" 4 0 0 0 0 0 0 0 1 1 0
"female" 2 0 0 0 0 0 0 0 0 1 0
"male" 6 0 0 0 0 0 0 1 0 0 1
"female" 6 0 0 0 0 0 0 0 0 0 0
"female" 5 0 0 0 0 0 0 0 0 0 0
"male" 5 0 0 0 0 0 0 0 0 0 0
"male" 34 0 0 0 0 0 0 1 0 0 1
"male" 16 0 0 0 1 0 0 0 0 0 0
"male" 7 0 0 0 0 0 0 0 0 0 1
"male" 5 0 0 0 0 0 0 0 1 1 0
"male" 7 0 0 0 0 0 0 1 0 0 1
"male" 11 0 0 0 0 0 0 0 0 0 1
"male" 6 0 0 0 0 0 1 0 0 0 1
"male" 3 0 0 0 0 0 0 0 0 0 0
"male" 7 0 0 0 0 0 1 0 1 0 1
"male" 38 0 0 0 0 0 1 1 1 0 0
"male" 18 0 0 0 0 0 1 1 0 0 0
"male" 19 0 0 0 0 0 1 0 0 0 0
"male" 8 0 0 0 0 0 0 0 0 0 0
"male" 21 0 0 0 0 0 0 0 1 0 0
"female" 18 0 0 0 0 0 0 0 0 0 0
"male" 3 0 0 0 0 0 1 0 0 0 0
"male" 15 0 0 0 0 0 1 0 0 0 0
"female" 16 0 0 0 0 0 0 0 0 1 1
"female" 2 0 0 0 1 0 0 1 0 0 0
"female" 9 0 0 0 0 0 0 0 0 1 0
"male" 6 0 0 0 0 0 0 0 0 0 1
"female" 75 0 0 0 0 0 1 0 0 0 0
"male" 5 0 0 0 0 0 0 0 0 0 0
"female" 1 0 0 0 0 0 0 1 0 0 0
"male" 9 0 0 0 0 0 0 1 1 0 0
"male" 2 0 0 0 0 0 1 1 0 0 0
"male" 12 0 0 0 0 0 0 1 0 0 0
"male" 15 0 0 0 0 0 0 0 0 0 0
"female" 6 0 0 0 0 0 0 0 0 0 0
"female" 33 0 0 0 0 0 0 0 1 0 0
"male" 7 0 0 0 0 1 0 0 1 0 0
"female" 7 0 0 0 0 0 0 0 0 0 1
"female" 11 0 0 0 0 0 1 1 0 0 1
"male" 16 0 0 0 0 0 1 1 0 0 1
"female" 9 0 0 0 0 0 0 0 0 0 0
"female" 9 0 0 0 0 0 0 0 1 0 0
"female" 4 0 0 0 0 0 0 0 1 1 1
"female" 5 0 0 0 0 0 1 0 0 0 0
"male" 3 0 0 0 0 0 0 0 1 0 0
"female" 3 0 0 0 0 0 0 0 1 0 0
"female" 1 0 0 0 0 0 0 0 0 1 0
"female" 3 0 0 0 0 0 0 0 0 0 0
"male" 6 0 0 0 0 0 1 1 0 0 0
"female" 4 0 0 0 0 0 1 1 1 1 0
"male" 8 0 0 0 0 0 1 0 0 0 0
"male" 7 0 0 0 0 0 1 0 0 0 0
"female" 15 0 0 0 0 0 0 1 0 0 0
"female" 5 0 0 0 0 1 1 0 0 1 0
"female" 4 0 0 0 0 0 0 0 0 0 0
"female" 4 0 0 0 0 0 0 0 0 0 0
"female" 3 0 0 0 0 0 0 1 0 0 0
"male" 5 0 0 0 0 0 0 0 0 1 1
"male" 4 0 0 0 0 0 0 0 0 0 1
"female" 11 0 0 0 0 0 0 0 1 0 0
"female" 13 0 0 0 0 0 1 1 0 0 0
"male" 15 0 0 0 0 0 1 1 0 1 0
"male" 5 0 0 0 0 0 0 1 0 1 0
"female" 5 0 0 0 0 0 0 0 1 0 0
"male" 20 0 0 0 0 0 1 0 0 0 0
"male" 2 0 0 0 1 0 0 0 1 0 1
"male" 5 0 0 0 0 0 0 1 0 1 0
"male" 10 0 0 0 0 0 0 1 0 0 1
"male" 4 0 0 0 0 0 0 1 0 0 0
"female" 4 0 0 0 0 0 1 1 0 1 1
"male" 5 0 0 0 0 0 0 0 0 0 1
"female" 7 0 0 0 0 0 0 1 1 0 0
"male" 11 0 0 0 0 0 0 0 0 1 0
"female" 11 0 0 0 0 0 1 0 0 0 0
"female" 3 0 0 0 1 0 0 0 1 0 0
"male" 9 0 0 0 0 0 1 0 0 0 0
"male" 10 0 0 0 0 0 0 0 0 0 0
"male" 39 0 0 0 0 0 0 0 1 0 0
"male" 24 0 0 0 0 0 0 0 0 1 1
"male" 11 0 0 0 0 0 0 0 1 0 0
"female" 4 0 0 0 0 0 0 0 0 0 0
"female" 13 0 0 0 0 0 1 0 0 0 1
"male" 4 0 1 0 0 0 1 0 0 0 0
"male" 13 0 0 0 0 0 0 1 1 1 0
"male" 12 0 0 0 0 0 0 1 0 0 0
"male" 25 0 0 0 1 0 1 1 0 0 0
"male" 5 0 0 0 0 0 0 0 0 1 1
"male" 7 0 0 0 0 0 0 1 0 0 0
"male" 21 0 0 0 0 0 0 1 1 1 0
"male" 15 0 0 0 0 0 0 0 1 0 0
"female" 25 0 0 0 0 0 0 0 0 0 0
"female" 4 0 0 0 0 0 0 0 0 0 1
"male" 12 0 0 0 0 0 0 0 0 1 0
"male" 7 0 0 0 0 0 0 0 0 0 0
"male" 66 0 0 0 0 0 0 1 0 1 1
"male" 3 0 0 0 0 0 0 0 1 1 0
"male" 19 0 0 0 0 0 0 0 1 0 1
"female" 14 0 0 1 0 0 1 0 0 0 0
"male" 8 0 0 0 0 0 0 0 1 0 1
"female" 6 0 0 0 0 0 0 0 0 1 0
"female" 34 0 0 0 0 0 0 0 0 0 1
"female" 14 0 0 0 0 0 1 0 1 0 1
"female" 35 0 0 0 0 0 0 0 1 0 1
"male" 4 0 0 0 0 0 1 1 0 1 0
"female" 5 0 0 0 0 0 0 0 0 0 1
"female" 8 0 0 0 0 1 1 1 1 0 0
"male" 32 0 0 0 0 0 1 1 0 0 1
"female" 3 0 0 0 0 0 0 0 0 0 1
"male" 5 0 0 0 0 0 0 0 0 0 0
"male" 7 0 0 0 0 0 1 0 0 1 0
"male" 3 0 0 0 0 0 0 0 0 1 0
"male" 9 0 0 0 0 0 1 0 0 0 1
"female" 6 0 0 0 0 0 0 0 0 1 0
"male" 3 0 0 0 0 0 0 0 1 1 0
"female" 5 0 0 0 0 0 1 0 0 1 0
"female" 5 0 0 0 0 0 0 1 0 1 0
"male" 7 0 0 0 0 0 1 0 0 0 1
"male" 3 0 0 0 0 0 0 1 1 1 0
"male" 18 0 0 0 0 0 0 0 0 0 1
"male" 8 0 0 0 0 0 0 0 1 0 0
"male" 4 0 0 0 0 0 1 0 1 0 0
"male" 26 0 0 0 0 0 0 0 0 0 0
"female" 17 0 0 0 0 0 1 1 0 0 1
"female" 3 0 0 0 0 0 0 1 0 1 0
"male" 13 0 0 0 0 0 0 0 0 0 0
"male" 3 0 0 0 0 0 0 0 0 0 0
"male" 3 0 0 0 0 0 0 0 0 1 1
"female" 3 0 0 0 0 0 1 1 0 1 0
"male" 6 0 0 0 0 0 0 1 0 0 0
"female" 20 0 0 0 0 0 0 1 1 0 1
"male" 33 0 0 0 0 0 0 1 1 0 0
"female" 35 0 0 0 0 0 1 0 1 0 1
"female" 9 0 0 0 0 0 0 0 1 1 0
"male" 4 0 0 0 0 0 0 0 1 0 0
"male" 7 0 0 0 0 0 1 1 0 0 1
"female" 12 0 0 0 0 0 0 1 0 0 1
"male" 26 0 0 0 0 0 0 1 0 1 0
"male" 8 0 0 0 0 0 1 0 1 1 1
"female" 3 0 0 0 0 0 0 0 0 0 0
"female" 7 0 0 0 0 0 0 0 1 1 0
"female" 3 0 0 0 0 0 0 0 1 1 0
"male" 1 0 0 0 0 0 1 1 0 0 0
"female" 19 0 0 0 0 0 0 0 0 0 0
"male" 11 0 0 0 0 0 0 0 0 1 0
"male" 23 0 0 0 0 0 0 0 0 0 0
"female" 16 0 0 0 0 0 0 0 1 0 1
"female" 33 0 0 0 0 0 0 0 0 0 0
"male" 21 0 0 0 0 0 0 0 1 0 1
"male" 23 0 0 0 0 0 0 0 0 0 1
"female" 15 0 0 0 0 0 0 0 0 0 0
"male" 4 0 0 0 0 0 0 0 0 0 0
"female" 34 0 0 0 0 0 1 0 0 0 0
"female" 11 0 0 0 0 0 0 0 1 0 1
"male" 11 0 0 0 0 0 0 1 1 1 0
"male" 13 0 0 0 0 0 1 1 0 1 0
"female" 16 0 0 0 0 0 0 1 0 1 0
"male" 11 0 0 0 0 0 0 0 0 0 0
"male" 3 0 0 0 0 0 1 0 1 1 0
"female" 9 0 0 0 0 0 1 0 0 1 0
"male" 88 0 0 0 0 0 1 0 0 0 1
"male" 8 0 0 0 0 0 0 1 0 1 1
"male" 3 0 0 0 0 0 0 0 0 1 0
"male" 16 0 0 0 0 0 0 1 1 0 1
"male" 59 0 0 0 0 0 1 1 1 0 1
"female" 11 0 0 0 0 0 0 1 0 0 0
"female" 5 0 0 0 0 0 1 0 0 0 0
"male" 20 0 0 0 0 0 0 0 1 1 0
"male" 3 0 0 0 0 1 1 0 0 0 0
"female" 9 0 0 0 0 0 0 1 0 0 1
"male" 34 0 0 0 0 0 1 1 0 0 0
"male" 19 0 0 0 0 0 0 0 0 0 1
"male" 4 0 0 0 0 0 1 0 0 0 1
"male" 4 0 0 0 0 0 0 0 0 1 0
"male" 4 0 0 0 0 0 0 1 0 1 0
"male" 8 0 0 0 0 0 0 1 0 0 1
"male" 21 0 0 0 0 0 1 0 0 0 0
"male" 9 0 0 0 0 0 0 0 0 0 1
"male" 12 0 0 0 0 0 0 0 0 0 0
"female" 6 0 0 0 0 0 0 0 0 1 0
"female" 8 0 0 0 0 0 0 1 0 0 0
"male" 46 0 0 0 0 0 1 0 1 0 1
"male" 16 0 0 0 0 0 0 1 0 0 1
"male" 10 0 0 0 0 0 0 0 0 0 0
"female" 3 0 0 0 0 0 1 0 1 0 1
"male" 2 0 0 0 0 0 0 0 0 0 0
"male" 9 0 0 0 0 0 0 0 1 0 1
"female" 13 0 0 0 0 0 1 1 0 0 0
"female" 4 0 0 0 0 0 1 0 0 1 0
"male" 8 0 0 0 0 0 1 0 1 0 0
"female" 44 0 0 0 0 0 1 1 1 1 0
"male" 5 0 0 0 0 0 0 0 0 0 1
"female" 7 0 0 0 0 0 0 0 0 1 1
"male" 11 0 0 0 0 0 0 0 0 1 0
"female" 23 0 0 0 0 0 0 1 1 0 0
"female" 4 0 0 0 0 0 1 1 1 0 1
"female" 20 0 0 0 0 0 1 1 1 0 0
"female" 25 0 0 0 0 0 0 1 0 0 1
"male" 30 0 0 0 0 1 0 1 1 0 0
"male" 15 0 0 0 0 0 0 1 0 0 1
"female" 5 0 0 0 0 0 1 0 0 0 0
"male" 5 0 0 0 0 0 0 1 0 0 1
"male" 3 0 0 0 0 0 1 0 0 1 1
"male" 7 0 0 0 0 0 0 1 0 0 0
"male" 8 0 0 0 0 0 0 1 0 1 0
"female" 4 0 0 0 0 0 1 0 0 0 0
"male" 35 0 0 0 0 0 0 0 0 0 0
"female" 12 0 0 0 1 0 1 0 0 1 0
"female" 35 0 0 0 0 0 0 0 0 0 1
"female" 6 0 0 0 0 0 0 0 0 0 0
"male" 3 0 0 0 0 0 0 0 0 0 0
"female" 4 0 0 0 0 0 0 0 0 1 0
"female" 14 0 0 0 0 0 0 1 0 0 0
"male" 9 0 0 0 0 0 1 1 0 0 1
"male" 2 0 0 0 0 0 0 1 1 0 0
"male" 5 0 0 0 0 0 1 0 0 0 0
"male" 17 0 0 0 0 0 0 1 1 0 1
"male" 5 0 0 0 0 0 0 1 1 0 0
"female" 3 0 0 0 0 0 0 0 0 1 0
"female" 8 1 0 0 0 0 1 0 0 0 0
"female" 31 0 0 0 0 0 0 0 0 0 0
"female" 9 0 0 0 0 0 0 1 1 0 0
"female" 2 0 0 0 0 0 0 0 0 0 0
"female" 5 0 0 0 0 1 0 0 1 0 0
"male" 6 0 0 0 0 0 1 0 1 0 0
"male" 9 0 0 0 0 0 0 0 0 0 0
"male" 28 0 0 0 0 0 1 0 0 0 1
"female" 10 0 0 0 0 0 0 0 0 1 0
"female" 3 0 0 0 0 0 0 0 0 0 0
"female" 11 0 0 0 0 0 0 0 0 0 0
"male" 4 0 0 0 0 0 0 1 0 0 0
"male" 17 0 0 0 0 0 0 0 0 0 0
"male" 10 1 0 0 0 0 0 1 0 0 0
"female" 3 0 0 0 0 0 1 0 0 1 0
"female" 39 0 0 0 0 0 1 1 0 1 0
"female" 9 0 0 0 0 0 0 1 1 0 1
"female" 9 0 0 0 0 0 1 0 0 1 0
"male" 16 0 0 0 0 0 0 1 0 0 0
"female" 10 0 0 0 0 0 0 1 1 0 0
"female" 3 0 0 0 0 0 0 0 0 1 1
"female" 23 0 0 0 0 0 0 1 0 0 1
"male" 29 0 0 0 0 0 0 1 0 0 0
"female" 14 0 0 0 0 0 0 0 0 0 1
"male" 3 0 0 0 0 0 1 1 0 1 0
"female" 6 0 0 0 0 0 0 0 0 1 0
"male" 6 0 0 0 0 0 0 0 0 0 0
"male" 13 0 0 0 0 0 1 0 1 0 0
"female" 8 0 0 0 0 0 1 1 0 0 0
"female" 7 0 0 0 0 0 1 0 0 0 0
"male" 15 0 0 0 0 0 0 1 0 0 0
"female" 6 0 0 0 0 0 0 0 0 0 0
"male" 13 0 0 0 0 0 0 1 0 0 1
"female" 15 0 0 0 0 0 0 1 0 1 0
"male" 3 0 0 0 0 0 0 0 1 1 0
"male" 2 0 0 0 0 0 0 1 1 0 0
"female" 15 0 0 0 0 0 0 1 0 1 0
"male" 12 0 0 0 0 0 0 0 0 0 0
"male" 25 0 0 0 0 0 0 0 1 0 0
"male" 15 0 0 0 0 0 1 0 1 0 0
"female" 59 0 0 0 0 0 0 0 1 1 0
"male" 3 0 0 0 0 0 0 0 0 0 0
"male" 18 0 0 0 0 0 0 1 0 0 0
"female" 14 0 0 0 0 0 0 0 0 0 0
"female" 20 0 0 0 0 0 0 0 0 0 1
"male" 5 0 0 0 0 0 0 0 0 0 0
"male" 2 0 0 0 0 0 0 1 0 1 1
"female" 7 0 0 0 0 0 1 0 0 1 0
"male" 43 0 0 0 0 0 0 0 0 0 1
"male" 14 0 0 0 0 0 0 0 0 0 0
"female" 6 0 0 0 0 0 0 1 0 0 0
"male" 7 0 0 0 0 0 0 1 0 0 0
"male" 6 0 0 0 0 1 0 1 1 0 1
"male" 13 0 0 0 1 0 0 0 0 0 0
"female" 8 0 0 0 0 0 0 1 0 0 0
"female" 12 0 0 0 0 0 0 0 0 0 0
"female" 1 0 0 1 0 0 1 1 0 0 1
"female" 4 0 0 0 0 0 0 0 1 0 0
"male" 5 0 0 0 0 0 0 0 0 0 0
"female" 15 0 0 0 0 0 0 1 1 1 0
"male" 4 0 0 0 1 0 1 0 1 0 0
"female" 13 0 0 0 0 0 0 1 0 1 0
"male" 3 0 0 0 0 0 1 1 0 1 1
"female" 11 0 0 0 0 0 0 0 0 0 1
"male" 12 0 0 0 0 0 0 0 0 0 0
"female" 3 0 0 0 0 0 0 1 0 0 0
"male" 2 0 0 0 0 0 0 1 0 1 0
"female" 15 0 0 0 0 0 0 0 1 0 1
"male" 8 0 0 0 0 0 0 0 1 0 0
"female" 23 0 0 0 0 0 0 0 0 0 1
"male" 19 0 0 0 0 0 0 0 0 0 0
"male" 13 0 0 0 0 0 0 0 0 0 0
"female" 14 0 0 0 0 0 0 0 0 1 0
"female" 30 0 0 0 0 0 1 1 0 0 0
"male" 59 0 0 0 0 0 1 0 0 1 0
"male" 5 0 0 0 0 0 0 0 1 0 0
"male" 18 0 0 0 0 0 0 1 0 1 1
"female" 5 0 0 0 0 0 0 0 0 0 1
"female" 14 0 0 0 0 0 1 0 0 0 0
"male" 7 0 0 0 0 0 0 0 0 0 0
"female" 4 0 0 0 0 0 0 1 0 0 0
