"gender" "age" "marker01" "marker02" "marker03" "marker04" "marker05" "marker06" "marker07" "marker08" "marker09" "marker10"
"female" 8 0 0 0 0 0 0 0 0 0 0
"female" 13 0 0 0 0 0 0 0 0 0 0
"female" 37 0 0 0 0 0 0 0 0 0 0
"male" 15 0 0 0 0 0 0 0 0 0 0
"female" 8 0 0 0 0 0 0 0 0 0 0
"male" 5 0 0 0 0 0 0 0 0 0 0
"male" 55 0 0 0 0 0 0 0 0 0 0
"male" 2 0 0 0 0 0 0 0 0 0 0
"male" 43 0 0 0 0 0 0 0 0 0 0
"female" 15 0 0 0 0 0 0 0 0 0 0
"male" 5 0 0 0 0 0 0 0 0 0 0
"male" 10 0 0 0 0 0 0 0 0 0 0
"male" 11 0 0 0 0 0 0 0 0 0 0
"female" 4 0 0 0 0 0 0 0 0 0 0
"male" 12 0 0 0 0 0 0 0 0 0 0
"female" 22 0 0 0 0 0 0 0 0 0 0
"male" 7 0 0 0 0 0 0 0 0 0 0
"female" 3 0 0 0 0 0 0 0 0 0 0
"female" 27 0 0 0 0 0 0 0 0 0 0
"female" 4 0 0 0 0 0 0 0 0 0 0
"male" 5 0 0 0 0 0 0 0 0 0 0
"female" 4 0 0 0 0 0 0 0 0 0 0
"female" 3 0 0 0 0 0 0 0 0 0 0
"female" 7 0 0 0 0 0 0 0 0 0 0
"female" 11 0 0 0 0 0 0 0 0 0 0
"male" 30 0 0 0 0 0 0 0 0 0 0
"female" 3 0 0 0 0 0 0 0 0 0 0
"male" 3 0 0 0 0 0 0 0 0 0 0
"male" 8 0 0 0 0 0 0 0 0 0 0
"female" 7 0 0 0 0 0 0 0 0 0 0
"male" 10 0 0 0 0 0 0 0 0 0 0
"female" 8 0 0 0 0 0 0 0 0 0 0
"female" 6 0 0 0 0 0 0 0 0 0 0
"female" 80 0 0 0 0 0 0 0 0 0 0
"male" 7 0 0 0 0 0 0 0 0 0 0
"female" 19 0 0 0 0 0 0 0 0 0 0
"female" 23 0 0 0 0 0 0 0 0 0 0
"male" 16 0 0 0 0 0 0 0 0 0 0
"female" 2 0 0 0 0 0 0 0 0 0 0
"female" 6 0 0 0 0 0 0 0 0 0 0
"female" 8 0 0 0 0 0 0 0 0 0 0
"female" 3 0 0 0 0 0 0 0 0 0 0
"female" 2 0 0 0 0 0 0 0 0 0 0
"female" 5 0 0 0 0 0 0 0 0 0 0
"female" 17 0 0 0 0 0 0 0 0 0 0
"male" 16 0 0 0 0 0 0 0 0 0 0
"male" 10 0 0 0 0 0 0 0 0 0 0
"male" 2 0 0 0 0 0 0 0 0 0 0
"female" 2 0 0 0 0 0 0 0 0 0 0
"female" 4 0 0 0 0 0 0 0 0 0 0
"male" 2 0 0 0 0 0 0 0 0 0 0
"male" 1 0 0 0 0 0 0 0 0 0 0
"female" 29 0 0 0 0 0 0 0 0 0 0
"male" 16 0 0 0 0 0 0 0 0 0 0
"male" 10 0 0 0 0 0 0 0 0 0 0
"female" 23 0 0 0 0 0 0 0 0 0 0
"male" 3 0 0 0 0 0 0 0 0 0 0
"male" 2 0 0 0 0 0 0 0 0 0 0
"male" 7 0 0 0 0 0 0 0 0 0 0
"male" 9 0 0 0 0 0 0 0 0 0 0
"female" 4 0 0 0 0 0 0 0 0 0 0
"male" 6 0 0 0 0 0 0 0 0 0 0
"male" 54 0 0 0 0 0 0 0 0 0 0
"male" 5 0 0 0 0 0 0 0 0 0 0
"male" 4 0 0 0 0 0 0 0 0 0 0
"female" 28 0 0 0 0 0 0 0 0 0 0
"female" 31 0 0 0 0 0 0 0 0 0 0
"female" 3 0 0 0 0 0 0 0 0 0 0
"female" 4 0 0 0 0 0 0 0 0 0 0
"male" 12 0 0 0 0 0 0 0 0 0 0
"male" 2 0 0 0 0 0 0 0 0 0 0
"male" 10 0 0 0 0 0 0 0 0 0 0
"male" 24 0 0 0 0 0 0 0 0 0 0
"female" 4 0 0 0 0 0 0 0 0 0 0
"male" 4 0 0 0 0 0 0 0 0 0 0
"male" 6 0 0 0 0 0 0 0 0 0 0
"female" 28 0 0 0 0 0 0 0 0 0 0
"female" 19 0 0 0 0 0 0 0 0 0 0
"male" 4 0 0 0 0 0 0 0 0 0 0
"male" 4 0 0 0 0 0 0 0 0 0 0
"female" 17 0 0 0 0 0 0 0 0 0 0
"female" 9 0 0 0 0 0 0 0 0 0 0
"male" 21 0 0 0 0 0 0 0 0 0 0
"male" 1 0 0 0 0 0 0 0 0 0 0
"female" 49 0 0 0 0 0 0 0 0 0 0
"male" 5 0 0 0 0 0 0 0 0 0 0
"female" 3 0 0 0 0 0 0 0 0 0 0
"female" 30 0 0 0 0 0 0 0 0 0 0
"female" 37 0 0 0 0 0 0 0 0 0 0
"male" 7 0 0 0 0 0 0 0 0 0 0
"female" 3 0 0 0 0 0 0 0 0 0 0
"male" 12 0 0 0 0 0 0 0 0 0 0
"male" 36 0 0 0 0 0 0 0 0 0 0
"male" 10 0 0 0 0 0 0 0 0 0 0
"female" 5 0 0 0 0 0 0 0 0 0 0
"male" 12 0 0 0 0 0 0 0 0 0 0
"female" 12 0 0 0 0 0 0 0 0 0 0
"female" 29 0 0 0 0 0 0 0 0 0 0
"female" 3 0 0 0 0 0 0 0 0 0 0
"male" 19 0 0 0 0 0 0 0 0 0 0
"female" 22 0 0 0 0 0 0 0 0 0 0
"female" 27 0 0 0 0 0 0 0 0 0 0
"male" 17 0 0 0 0 0 0 0 0 0 0
"male" 22 0 0 0 0 0 0 0 0 0 0
"female" 4 0 0 0 0 0 0 0 0 0 0
"male" 9 0 0 0 0 0 0 0 0 0 0
"male" 22 0 0 0 0 0 0 0 0 0 0
"male" 9 0 0 0 0 0 0 0 0 0 0
"male" 13 0 0 0 0 0 0 0 0 0 0
"male" 14 0 0 0 0 0 0 0 0 0 0
"male" 20 0 0 0 0 0 0 0 0 0 0
"female" 24 0 0 0 0 0 0 0 0 0 0
"male" 1 0 0 0 0 0 0 0 0 0 0
"male" 6 0 0 0 0 0 0 0 0 0 0
"male" 54 0 0 0 0 0 0 0 0 0 0
"male" 4 0 0 0 0 0 0 0 0 0 0
"female" 4 0 0 0 0 0 0 0 0 0 0
"male" 18 0 0 0 0 0 0 0 0 0 0
"male" 22 0 0 0 0 0 0 0 0 0 0
"female" 23 0 0 0 0 0 0 0 0 0 0
"female" 3 0 0 0 0 0 0 0 0 0 0
"male" 3 0 0 0 0 0 0 0 0 0 0
"male" 5 0 0 0 0 0 0 0 0 0 0
"male" 10 0 0 0 0 0 0 0 0 0 0
"male" 5 0 0 0 0 0 0 0 0 0 0
"male" 8 0 0 0 0 0 0 0 0 0 0
"female" 12 0 0 0 0 0 0 0 0 0 0
"female" 3 0 0 0 0 0 0 0 0 0 0
"female" 8 0 0 0 0 0 0 0 0 0 0
"female" 4 0 0 0 0 0 0 0 0 0 0
"male" 10 0 0 0 0 0 0 0 0 0 0
"male" 3 0 0 0 0 0 0 0 0 0 0
"female" 5 0 0 0 0 0 0 0 0 0 0
"female" 6 0 0 0 0 0 0 0 0 0 0
"male" 10 0 0 0 0 0 0 0 0 0 0
"male" 7 0 0 0 0 0 0 0 0 0 0
"female" 3 0 0 0 0 0 0 0 0 0 0
"male" 13 0 0 0 0 0 0 0 0 0 0
"female" 12 0 0 0 0 0 0 0 0 0 0
"female" 8 0 0 0 0 0 0 0 0 0 0
"female" 4 0 0 0 0 0 0 0 0 0 0
"female" 4 0 0 0 0 0 0 0 0 0 0
"male" 6 0 0 0 0 0 0 0 0 0 0
"male" 8 0 0 0 0 0 0 0 0 0 0
"male" 19 0 0 0 0 0 0 0 0 0 0
"female" 29 0 0 0 0 0 0 0 0 0 0
"male" 6 0 0 0 0 0 0 0 0 0 0
"male" 14 0 0 0 0 0 0 0 0 0 0
"male" 7 0 0 0 0 0 0 0 0 0 0
"female" 5 0 0 0 0 0 0 0 0 0 0
"male" 15 0 0 0 0 0 0 0 0 0 0
"female" 17 0 0 0 0 0 0 0 0 0 0
"female" 9 0 0 0 0 0 0 0 0 0 0
"male" 16 0 0 0 0 0 0 0 0 0 0
"male" 4 0 0 0 0 0 0 0 0 0 0
"female" 4 0 0 0 0 0 0 0 0 0 0
"male" 9 0 0 0 0 0 0 0 0 0 0
"female" 6 0 0 0 0 0 0 0 0 0 0
"female" 6 0 0 0 0 0 0 0 0 0 0
"male" 4 0 0 0 0 0 0 0 0 0 0
"female" 8 0 0 0 0 0 0 0 0 0 0
"female" 19 0 0 0 0 0 0 0 0 0 0
"female" 3 0 0 0 0 0 0 0 0 0 0
"male" 9 0 0 0 0 0 0 0 0 0 0
"female" 12 0 0 0 0 0 0 0 0 0 0
"female" 38 0 0 0 0 0 0 0 0 0 0
"male" 2 0 0 0 0 0 0 0 0 0 0
"male" 25 0 0 0 0 0 0 0 0 0 0
"male" 6 0 0 0 0 0 0 0 0 0 0
"male" 14 0 0 0 0 0 0 0 0 0 0
"female" 16 0 0 0 0 0 0 0 0 0 0
"male" 4 0 0 0 0 0 0 0 0 0 0
"male" 46 0 0 0 0 0 0 0 0 0 0
"female" 5 0 0 0 0 0 0 0 0 0 0
"male" 4 0 0 0 0 0 0 0 0 0 0
"male" 17 0 0 0 0 0 0 0 0 0 0
"male" 27 0 0 0 0 0 0 0 0 0 0
"female" 7 0 0 0 0 0 0 0 0 0 0
"male" 7 0 0 0 0 0 0 0 0 0 0
"female" 11 0 0 0 0 0 0 0 0 0 0
"female" 33 0 0 0 0 0 0 0 0 0 0
"female" 10 0 0 0 0 0 0 0 0 0 0
"male" 6 0 0 0 0 0 0 0 0 0 0
"male" 36 0 0 0 0 0 0 0 0 0 0
"female" 19 0 0 0 0 0 0 0 0 0 0
"male" 1 0 0 0 0 0 0 0 0 0 0
"male" 7 0 0 0 0 0 0 0 0 0 0
"male" 7 0 0 0 0 0 0 0 0 0 0
"female" 4 0 0 0 0 0 0 0 0 0 0
"female" 5 0 0 0 0 0 0 0 0 0 0
"male" 11 0 0 0 0 0 0 0 0 0 0
"male" 3 0 0 0 0 0 0 0 0 0 0
"female" 10 0 0 0 0 0 0 0 0 0 0
"female" 2 0 0 0 0 0 0 0 0 0 0
"male" 5 0 0 0 0 0 0 0 0 0 0
"female" 12 0 0 0 0 0 0 0 0 0 0
"female" 3 0 0 0 0 0 0 0 0 0 0
"male" 3 0 0 0 0 0 0 0 0 0 0
"female" 24 0 0 0 0 0 0 0 0 0 0
"female" 9 0 0 0 0 0 0 0 0 0 0
"male" 16 0 0 0 0 0 0 0 0 0 0
"male" 3 0 0 0 0 0 0 0 0 0 0
"female" 7 0 0 0 0 0 0 0 0 0 0
"male" 7 0 0 0 0 0 0 0 0 0 0
"female" 26 0 0 0 0 0 0 0 0 0 0
"male" 4 0 0 0 0 0 0 0 0 0 0
"male" 6 0 0 0 0 0 0 0 0 0 0
"male" 16 0 0 0 0 0 0 0 0 0 0
"female" 12 0 0 0 0 0 0 0 0 0 0
"female" 9 0 0 0 0 0 0 0 0 0 0
"male" 14 0 0 0 0 0 0 0 0 0 0
"female" 3 0 0 0 0 0 0 0 0 0 0
"female" 8 0 0 0 0 0 0 0 0 0 0
"female" 6 0 0 0 0 0 0 0 0 0 0
"male" 12 0 0 0 0 0 0 0 0 0 0
"female" 16 0 0 0 0 0 0 0 0 0 0
"male" 5 0 0 0 0 0 0 0 0 0 0
"female" 1 0 0 0 0 0 0 0 0 0 0
"male" 26 0 0 0 0 0 0 0 0 0 0
"male" 48 0 0 0 0 0 0 0 0 0 0
"female" 15 0 0 0 0 0 0 0 0 0 0
"male" 10 0 0 0 0 0 0 0 0 0 0
"male" 24 0 0 0 0 0 0 0 0 0 0
"female" 9 0 0 0 0 0 0 0 0 0 0
"female" 15 0 0 0 0 0 0 0 0 0 0
"female" 6 0 0 0 0 0 0 0 0 0 0
"male" 15 0 0 0 0 0 0 0 0 0 0
"male" 7 0 0 0 0 0 0 0 0 0 0
"female" 8 0 0 0 0 0 0 0 0 0 0
"male" 3 0 0 0 0 0 0 0 0 0 0
"female" 6 0 0 0 0 0 0 0 0 0 0
"female" 101 0 0 0 0 0 0 0 0 0 0
"male" 17 0 0 0 0 0 0 0 0 0 0
"male" 33 0 0 0 0 0 0 0 0 0 0
"female" 4 0 0 0 0 0 0 0 0 0 0
"male" 21 0 0 0 0 0 0 0 0 0 0
"male" 10 0 0 0 0 0 0 0 0 0 0
"male" 2 0 0 0 0 0 0 0 0 0 0
"female" 5 0 0 0 0 0 0 0 0 0 0
"male" 5 0 0 0 0 0 0 0 0 0 0
"female" 64 0 0 0 0 0 0 0 0 0 0
"male" 5 0 0 0 0 0 0 0 0 0 0
"female" 14 0 0 0 0 0 0 0 0 0 0
"female" 4 0 0 0 0 0 0 0 0 0 0
"female" 10 0 0 0 0 0 0 0 0 0 0
"female" 12 0 0 0 0 0 0 0 0 0 0
"male" 13 0 0 0 0 0 0 0 0 0 0
"male" 5 0 0 0 0 0 0 0 0 0 0
"female" 16 0 0 0 0 0 0 0 0 0 0
"female" 19 0 0 0 0 0 0 0 0 0 0
"male" 3 0 0 0 0 0 0 0 0 0 0
"male" 9 0 0 0 0 0 0 0 0 0 0
"male" 11 0 0 0 0 0 0 0 0 0 0
"female" 28 0 0 0 0 0 0 0 0 0 0
"male" 23 0 0 0 0 0 0 0 0 0 0
"female" 13 0 0 0 0 0 0 0 0 0 0
"female" 9 0 0 0 0 0 0 0 0 0 0
"female" 6 0 0 0 0 0 0 0 0 0 0
"male" 10 0 0 0 0 0 0 0 0 0 0
"male" 68 0 0 0 0 0 0 0 0 0 0
"female" 11 0 0 0 0 0 0 0 0 0 0
"female" 8 0 0 0 0 0 0 0 0 0 0
"female" 11 0 0 0 0 0 0 0 0 0 0
"female" 11 0 0 0 0 0 0 0 0 0 0
"female" 28 0 0 0 0 0 0 0 0 0 0
"male" 9 0 0 0 0 0 0 0 0 0 0
"female" 8 0 0 0 0 0 0 0 0 0 0
"male" 2 0 0 0 0 0 0 0 0 0 0
"female" 8 0 0 0 0 0 0 0 0 0 0
"female" 9 0 0 0 0 0 0 0 0 0 0
"female" 2 0 0 0 0 0 0 0 0 0 0
"male" 4 0 0 0 0 0 0 0 0 0 0
"male" 15 0 0 0 0 0 0 0 0 0 0
"male" 50 0 0 0 0 0 0 0 0 0 0
"male" 9 0 0 0 0 0 0 0 0 0 0
