"gender" "age" "marker01" "marker02" "marker03" "marker04" "marker05" "marker06" "marker07" "marker08" "marker09" "marker10"
"male" 27 0 0 0 0 0 0 0 0 0 0
"male" 36 0 0 0 0 0 0 0 0 0 0
"male" 5 0 0 0 1 0 0 0 0 0 0
"male" 13 0 0 0 0 0 0 0 0 0 0
"female" 3 0 0 0 0 1 0 0 0 0 0
"female" 2 0 0 1 0 0 0 1 0 0 0
"female" 16 0 0 0 0 0 0 0 0 0 0
"female" 23 0 0 0 0 0 0 0 0 0 0
"male" 11 0 1 0 0 0 0 0 0 0 0
"male" 2 0 0 0 0 0 0 0 0 0 0
"male" 2 0 0 0 1 0 0 0 0 0 0
"male" 8 0 0 0 0 0 0 0 0 0 0
"female" 8 0 0 0 0 0 0 0 0 0 0
"male" 31 0 0 0 0 0 0 0 0 0 0
"female" 52 0 0 0 0 0 0 0 0 0 0
"female" 3 0 0 0 0 0 0 0 0 0 0
"male" 9 0 0 0 0 0 0 0 0 0 0
"female" 22 0 0 0 0 0 0 0 0 0 0
"female" 3 0 1 0 0 0 0 0 0 0 0
"male" 10 0 0 0 0 0 0 0 0 0 0
"female" 6 0 0 1 0 0 0 0 0 0 0
"male" 5 0 0 0 0 0 0 0 0 0 0
"male" 65 0 0 0 0 0 0 0 0 0 0
"female" 7 0 0 0 0 0 0 0 0 0 0
"female" 11 0 0 0 0 0 0 0 0 0 0
"female" 5 0 0 0 0 0 0 0 0 0 0
"male" 5 0 0 0 1 0 0 0 0 0 0
"female" 13 0 0 0 0 0 0 0 0 0 0
"female" 10 0 0 0 0 0 0 0 0 0 0
"male" 4 0 0 0 0 0 0 0 0 0 0
"male" 2 0 0 0 0 0 0 0 0 0 0
"male" 2 1 1 0 0 0 0 0 0 0 0
"female" 18 0 0 0 0 0 0 0 0 0 0
"male" 4 0 0 0 0 0 0 0 0 0 0
"male" 9 0 0 0 0 0 0 0 0 0 0
"female" 8 0 1 0 0 0 0 0 0 0 0
"female" 3 1 0 0 0 0 0 0 0 0 0
"male" 23 0 0 0 0 0 0 0 0 0 0
"female" 39 0 0 0 0 1 0 0 0 0 0
"female" 6 0 1 0 0 0 0 0 0 0 0
"male" 2 0 0 0 0 1 0 0 0 0 0
"female" 11 1 0 0 0 0 0 0 0 0 0
"female" 6 0 0 0 0 0 0 0 0 0 0
"female" 5 0 0 0 0 0 0 0 0 0 0
"male" 8 0 0 0 0 0 0 0 0 0 0
"male" 1 0 0 0 0 0 0 0 0 0 0
"female" 5 0 0 0 0 0 0 0 0 0 0
"female" 10 1 0 0 0 0 0 0 0 0 0
"female" 2 0 0 0 1 0 0 0 0 0 0
"female" 26 1 0 0 0 0 0 0 0 0 0
"female" 9 0 0 0 0 0 0 0 0 0 0
"female" 22 0 0 0 0 0 0 0 0 0 0
"male" 4 0 0 0 0 1 0 0 0 0 0
"female" 11 0 0 0 0 0 0 0 0 0 0
"female" 2 0 0 0 0 0 0 0 0 0 0
"female" 33 0 0 1 0 0 0 0 0 0 0
"male" 30 0 0 0 0 0 0 0 0 0 0
"male" 15 0 0 0 0 1 0 0 0 0 0
"male" 5 0 0 0 0 0 0 0 0 0 0
"female" 3 1 1 0 0 0 0 0 0 0 0
"female" 12 0 0 0 0 0 0 0 0 0 0
"female" 16 0 0 0 1 0 0 0 0 0 0
"male" 20 0 1 0 0 0 0 0 0 0 0
"male" 74 0 0 0 0 0 0 0 0 0 0
"female" 15 0 0 0 0 1 0 0 0 0 0
"female" 4 0 0 0 0 0 0 0 0 0 0
"female" 3 0 0 0 1 0 0 0 0 0 0
"female" 42 0 0 0 0 0 0 0 0 0 0
"male" 18 0 0 0 0 0 0 0 0 0 0
"female" 4 0 0 0 0 0 0 0 0 0 0
"male" 2 0 0 0 0 0 0 0 0 0 0
"male" 2 0 0 1 0 0 0 0 0 0 0
"female" 16 1 0 0 0 0 0 0 0 0 0
"female" 14 0 0 0 0 0 0 0 0 0 0
"female" 16 0 0 0 0 0 0 0 0 0 0
"female" 4 1 0 0 0 0 0 0 0 0 0
"male" 4 0 0 0 0 0 0 0 0 0 0
"male" 6 0 0 0 0 0 0 0 0 0 0
"female" 2 0 0 0 1 0 0 0 0 0 0
"male" 4 0 0 0 0 0 0 0 0 0 0
"male" 52 0 0 0 0 0 0 0 0 0 0
"female" 12 0 0 0 0 1 0 0 0 0 0
"female" 5 0 0 0 0 0 0 0 0 0 0
"female" 7 0 0 1 0 0 0 0 0 0 0
"female" 34 0 0 0 0 0 0 0 0 0 0
"female" 22 0 0 0 0 0 0 0 0 0 0
"male" 10 0 0 0 0 0 0 0 0 0 0
"female" 19 0 0 0 0 0 0 0 0 0 0
"female" 14 0 0 0 0 0 0 0 0 0 0
"male" 4 0 0 0 0 0 0 0 0 0 0
"female" 3 0 0 0 0 0 0 0 0 0 0
"male" 2 0 0 0 0 0 0 0 0 0 0
"female" 24 0 0 0 0 0 0 0 0 0 0
"male" 75 0 0 0 0 0 0 0 0 0 0
"female" 4 0 0 0 0 0 0 0 0 0 0
"male" 2 0 0 0 0 1 0 0 0 0 0
"male" 5 0 0 0 0 0 0 0 0 0 0
"male" 12 0 0 0 1 0 0 0 0 0 0
"male" 9 0 0 0 0 0 0 0 0 0 0
"female" 14 0 0 0 0 0 0 0 0 0 0
"female" 31 0 0 0 0 0 0 0 0 0 0
"female" 16 0 0 0 0 0 0 0 0 0 0
"female" 6 0 0 0 0 0 0 0 0 0 0
"female" 9 0 0 0 0 0 0 0 0 0 0
"female" 3 0 0 1 0 0 0 0 0 0 0
"male" 7 0 0 0 0 0 0 0 0 0 0
"female" 10 0 0 0 0 0 0 0 0 0 0
"male" 30 0 0 0 0 0 0 0 0 0 0
"female" 17 0 0 0 0 0 0 0 0 0 0
"female" 14 1 0 0 0 0 0 0 0 0 0
"male" 15 0 0 0 0 1 0 0 0 0 0
"male" 15 0 0 0 0 0 0 0 0 0 0
"male" 5 0 0 0 0 0 0 0 0 0 0
"male" 17 0 0 0 0 0 0 0 0 0 0
"male" 9 0 0 0 0 0 0 0 0 0 0
"female" 7 0 0 0 0 0 0 0 0 0 0
"female" 10 1 0 0 0 0 0 0 0 0 0
"male" 7 0 0 0 0 0 0 0 0 0 0
"male" 5 0 0 0 0 0 0 0 0 0 0
"male" 5 0 0 0 0 0 0 0 0 0 0
"female" 55 0 0 0 0 0 0 0 0 0 0
"male" 12 0 0 1 0 0 0 0 0 0 0
"male" 10 0 0 0 0 0 0 0 0 0 0
"female" 8 0 1 0 0 0 0 0 0 0 0
"male" 7 0 0 0 0 0 0 0 0 0 0
"female" 4 0 0 0 0 0 0 0 0 0 0
"female" 24 0 0 0 0 0 0 0 0 0 0
"male" 8 0 0 0 0 0 0 0 0 0 0
"male" 65 0 0 0 0 0 0 0 0 0 0
"female" 41 0 0 0 0 0 0 0 0 0 0
"male" 14 0 0 0 0 0 0 0 0 0 0
"female" 9 1 0 0 0 0 0 0 0 0 0
"female" 3 0 0 0 0 0 0 0 0 0 0
"male" 3 0 0 0 0 0 0 0 0 0 0
"female" 5 0 0 0 0 0 0 0 0 0 0
"male" 7 0 0 0 0 0 0 0 0 0 0
"female" 24 0 0 0 0 0 0 0 0 0 0
"female" 19 0 0 0 0 0 0 0 0 0 0
"male" 28 0 0 0 0 0 0 0 0 0 0
"female" 6 0 0 0 0 0 0 0 0 0 0
"male" 3 0 0 0 0 0 0 0 0 0 0
"male" 13 0 0 0 0 0 0 0 0 0 0
"female" 3 0 0 0 0 0 0 0 0 0 0
"female" 17 0 0 0 0 0 0 0 0 0 0
"female" 2 0 0 0 0 0 0 0 0 0 0
"female" 3 0 0 0 0 0 0 0 0 0 0
"male" 4 0 0 0 0 1 0 0 0 0 0
"male" 10 0 0 0 1 0 0 0 0 0 0
"female" 11 0 0 0 0 0 0 0 0 0 0
"female" 3 0 0 0 0 0 0 0 0 0 0
"male" 4 1 0 0 0 0 0 0 0 0 1
"male" 7 0 0 0 0 0 0 0 0 0 0
"female" 3 0 0 0 0 0 0 0 0 0 0
"female" 3 0 0 0 0 0 0 0 0 0 0
"male" 8 0 0 0 0 0 0 0 0 0 0
"female" 3 0 0 0 1 0 0 0 0 0 0
"female" 8 0 1 0 0 0 0 0 0 0 0
"female" 11 0 0 0 0 0 0 0 0 0 0
"male" 12 0 0 0 0 0 0 0 0 0 0
"male" 13 0 0 0 0 0 0 0 0 0 0
"female" 29 0 0 0 0 0 0 0 0 0 0
"female" 12 0 0 0 0 0 0 0 0 0 0
"male" 13 0 0 0 0 0 0 0 0 0 0
"male" 1 0 0 0 0 0 0 0 0 0 0
"male" 59 0 0 0 0 0 0 0 0 0 0
"female" 23 0 0 0 0 0 0 0 0 0 0
"male" 24 0 0 0 0 0 0 0 0 0 0
"female" 4 0 0 0 0 0 0 0 0 0 0
"male" 18 0 0 0 0 0 0 0 0 0 0
"female" 3 0 0 1 0 0 0 0 0 0 0
"female" 7 0 0 0 0 1 0 0 0 0 0
"female" 1 0 0 0 0 1 0 0 0 0 0
"male" 12 0 0 0 1 0 0 0 0 0 0
"female" 2 0 0 0 0 0 0 0 0 0 0
"male" 4 0 0 0 0 0 0 0 0 0 0
"female" 10 0 0 0 0 0 0 0 0 0 0
"female" 14 0 0 1 0 0 0 0 0 0 0
"female" 2 0 0 1 0 0 0 0 0 0 0
"male" 24 0 0 0 0 0 0 0 0 0 0
"male" 5 0 0 0 0 0 0 0 0 0 0
"male" 22 0 0 0 1 0 0 0 0 0 0
"male" 9 0 0 0 0 0 0 0 0 0 0
"female" 26 0 0 0 1 0 0 0 0 0 0
"male" 18 0 0 0 0 0 0 0 0 0 0
"male" 33 0 0 1 0 0 0 0 0 0 0
"male" 13 0 0 0 0 0 0 0 0 0 0
"male" 20 0 0 0 0 0 0 0 0 0 0
"female" 9 1 0 0 0 0 0 0 0 0 0
"female" 6 0 0 1 0 0 0 0 0 0 0
"female" 9 0 0 0 0 0 0 0 0 0 0
"female" 14 0 0 0 0 0 0 0 0 0 0
"female" 13 0 0 0 0 0 0 0 0 0 0
"male" 3 0 0 0 1 0 0 0 0 0 0
"male" 20 0 0 0 0 0 0 0 0 0 0
"male" 4 0 0 0 0 0 0 0 0 0 0
"female" 5 0 0 0 0 0 0 0 0 0 0
"female" 3 0 0 0 0 0 0 0 0 0 0
"female" 12 0 0 0 1 0 0 0 0 0 0
"female" 9 0 0 0 0 0 0 0 0 0 0
"male" 7 0 0 0 0 0 0 0 0 0 0
"female" 4 0 0 0 1 0 0 0 0 0 0
"male" 7 0 0 0 0 0 0 0 0 0 0
"female" 34 1 0 0 0 1 0 0 0 0 0
"female" 17 0 0 1 0 0 0 0 0 0 0
"male" 2 0 0 0 0 0 0 0 0 0 0
"female" 12 0 1 0 0 0 0 0 0 0 0
"male" 4 0 0 1 0 0 0 0 0 0 0
"male" 7 1 0 0 0 0 0 0 0 0 0
"male" 1 0 0 0 0 0 0 0 0 0 0
"male" 10 0 0 0 0 0 0 0 0 0 0
"male" 6 0 0 1 0 0 0 0 0 0 0
"female" 3 0 1 0 0 0 0 0 0 0 0
"male" 12 0 0 0 0 0 0 0 0 0 0
"female" 5 0 1 0 0 0 0 0 0 0 0
"male" 11 0 0 0 0 0 0 0 0 0 0
"female" 9 0 0 0 0 0 0 0 0 0 0
"female" 3 0 0 0 0 0 0 0 0 0 0
"male" 19 0 0 0 0 0 0 0 0 0 0
"female" 4 0 0 0 0 1 0 0 0 0 0
"female" 16 0 0 0 0 0 0 0 0 0 0
"male" 14 0 0 0 0 0 0 0 0 0 0
"female" 6 0 0 0 0 0 0 0 0 0 0
"male" 11 0 0 0 0 1 0 0 0 0 0
"female" 4 0 0 0 0 0 0 0 0 0 0
"male" 6 0 0 0 0 0 0 0 0 0 0
"male" 5 0 0 0 0 0 0 0 0 0 0
"female" 7 0 0 0 0 0 0 0 0 0 0
"female" 5 0 0 0 0 0 0 0 0 0 0
"female" 7 0 0 0 0 0 0 0 0 0 0
"male" 6 0 0 0 0 0 0 0 0 0 0
"male" 8 0 0 0 0 0 0 0 0 0 0
"female" 23 0 0 0 0 0 0 0 0 0 0
"male" 13 1 0 0 0 0 0 0 0 0 0
"female" 7 0 0 0 0 0 0 0 0 0 0
"male" 18 0 1 0 0 0 0 0 0 0 0
"male" 8 0 0 0 0 0 0 0 0 0 0
"female" 5 0 0 0 0 0 0 0 0 0 0
"male" 8 0 0 0 0 0 0 0 0 0 0
"female" 7 0 0 0 1 0 0 0 0 0 0
"male" 2 0 0 0 0 0 0 0 0 0 0
"female" 39 0 0 0 0 0 0 0 0 0 0
"female" 12 0 0 0 0 0 0 0 0 0 0
"female" 13 0 0 0 0 0 0 0 0 0 0
"female" 29 0 0 0 0 0 0 0 0 0 0
"female" 47 0 0 0 0 0 0 0 0 0 0
"female" 20 0 0 0 0 0 0 0 0 0 0
"female" 6 0 0 0 0 0 0 0 0 0 0
"female" 15 0 0 0 0 0 0 0 0 0 0
"male" 6 0 0 0 0 0 0 0 0 0 0
"female" 2 0 0 1 0 0 0 0 0 0 0
"male" 4 0 1 0 1 0 0 0 0 0 0
"female" 44 0 0 0 0 0 0 0 0 0 0
"female" 41 0 0 0 0 0 0 0 0 0 0
"male" 5 0 0 0 0 0 0 0 0 0 0
"female" 8 0 0 0 0 0 0 0 0 0 0
"female" 4 0 0 1 0 0 0 0 0 0 0
"male" 1 1 0 0 0 0 0 0 0 0 0
"male" 95 0 0 0 0 0 0 0 0 0 0
