"gender" "age" "marker01" "marker02" "marker03" "marker04" "marker05" "marker06" "marker07" "marker08" "marker09" "marker10"
"female" 8 0 0 0 0 0 0 0 0 0 0
"female" 7 0 0 0 0 0 0 0 0 0 0
"female" 14 0 0 0 0 0 0 0 0 0 0
"female" 10 0 0 0 0 0 0 0 0 0 0
"female" 2 0 0 0 0 0 0 0 0 0 0
"male" 16 0 0 0 0 0 0 0 0 0 0
"female" 31 0 0 0 0 0 0 0 0 0 0
"female" 1 0 0 0 0 0 0 0 0 0 0
"female" 4 0 0 0 0 0 0 0 0 0 0
"male" 2 0 0 0 0 0 0 0 0 0 0
"female" 1 0 0 0 0 0 0 0 0 0 0
"female" 29 0 0 0 0 0 0 0 0 0 0
"male" 6 0 0 0 0 0 0 0 0 0 0
"female" 7 0 0 0 0 0 0 0 0 0 0
"female" 25 0 0 0 0 0 0 0 0 0 0
"male" 5 0 0 0 0 0 0 0 0 0 0
"female" 7 0 0 0 0 0 0 0 0 0 0
"female" 18 0 0 0 0 0 0 0 0 0 0
"female" 7 0 0 0 0 0 0 0 0 0 0
"male" 15 0 0 0 0 0 0 0 0 0 0
"female" 6 0 0 0 0 0 0 0 0 0 0
"male" 12 0 0 0 0 0 0 0 0 0 0
"female" 17 0 0 0 0 0 0 0 0 0 0
"male" 4 0 0 0 0 0 0 0 0 0 0
"female" 4 0 0 0 0 0 0 0 0 0 0
"female" 4 0 0 0 0 0 0 0 0 0 0
"male" 8 0 0 0 0 0 0 0 0 0 0
"male" 14 0 0 0 0 0 0 0 0 0 0
"female" 14 0 0 0 0 0 0 0 0 0 0
"female" 17 0 0 0 0 0 0 0 0 0 0
"female" 6 0 0 0 0 0 0 0 0 0 0
"female" 6 0 0 0 0 0 0 0 0 0 0
"female" 1 0 0 0 0 0 0 0 0 0 0
"male" 15 0 0 0 0 0 0 0 0 0 0
"female" 13 0 0 0 0 0 0 0 0 0 0
"female" 7 0 0 0 0 0 0 0 0 0 0
"female" 13 0 0 0 0 0 0 0 0 0 0
"female" 2 0 0 0 0 0 0 0 0 0 0
"female" 10 0 0 0 0 0 0 0 0 0 0
"male" 14 0 0 0 0 0 0 0 0 0 0
"female" 6 0 0 0 0 0 0 0 0 0 0
"male" 2 0 0 0 0 0 0 0 0 0 0
"male" 2 0 0 0 0 0 0 0 0 0 0
"male" 4 0 0 0 0 0 0 0 0 0 0
"female" 3 0 0 0 0 0 0 0 0 0 0
"male" 6 0 0 0 0 0 0 0 0 0 0
"male" 57 0 0 0 0 0 0 0 0 0 0
"female" 27 0 0 0 0 0 0 0 0 0 0
"male" 11 0 0 0 0 0 0 0 0 0 0
"female" 28 0 0 0 0 0 0 0 0 0 0
"male" 11 0 0 0 0 0 0 0 0 0 0
"female" 12 0 0 0 0 0 0 0 0 0 0
"male" 39 0 0 0 0 0 0 0 0 0 0
"female" 6 0 0 0 0 0 0 0 0 0 0
"female" 3 0 0 0 0 0 0 0 0 0 0
"male" 88 0 0 0 0 0 0 0 0 0 0
"female" 3 0 0 0 0 0 0 0 0 0 0
"male" 19 0 0 0 0 0 0 0 0 0 0
"female" 4 0 0 0 0 0 0 0 0 0 0
"male" 1 0 0 0 0 0 0 0 0 0 0
"male" 12 0 0 0 0 0 0 0 0 0 0
"male" 23 0 0 0 0 0 0 0 0 0 0
"male" 7 0 0 0 0 0 0 0 0 0 0
"female" 23 0 0 0 0 0 0 0 0 0 0
"female" 16 0 0 0 0 0 0 0 0 0 0
"male" 12 0 0 0 0 0 0 0 0 0 0
"female" 11 0 0 0 0 0 0 0 0 0 0
"female" 43 0 0 0 0 0 0 0 0 0 0
"female" 23 0 0 0 0 0 0 0 0 0 0
"female" 13 0 0 0 0 0 0 0 0 0 0
"male" 1 0 0 0 0 0 0 0 0 0 0
"male" 7 0 0 0 0 0 0 0 0 0 0
"female" 5 0 0 0 0 0 0 0 0 0 0
"female" 7 0 0 0 0 0 0 0 0 0 0
"male" 15 0 0 0 0 0 0 0 0 0 0
"male" 9 0 0 0 0 0 0 0 0 0 0
"female" 6 0 0 0 0 0 0 0 0 0 0
"female" 10 0 0 0 0 0 0 0 0 0 0
"male" 50 0 0 0 0 0 0 0 0 0 0
"male" 7 0 0 0 0 0 0 0 0 0 0
"male" 13 0 0 0 0 0 0 0 0 0 0
"male" 17 0 0 0 0 0 0 0 0 0 0
"female" 11 0 0 0 0 0 0 0 0 0 0
"male" 4 0 0 0 0 0 0 0 0 0 0
"male" 8 0 0 0 0 0 0 0 0 0 0
"female" 9 0 0 0 0 0 0 0 0 0 0
"male" 9 0 0 0 0 0 0 0 0 0 0
"female" 14 0 0 0 0 0 0 0 0 0 0
"female" 18 0 0 0 0 0 0 0 0 0 0
"male" 18 0 0 0 0 0 0 0 0 0 0
"male" 2 0 0 0 0 0 0 0 0 0 0
"male" 2 0 0 0 0 0 0 0 0 0 0
"male" 5 0 0 0 0 0 0 0 0 0 0
"female" 11 0 0 0 0 0 0 0 0 0 0
"female" 16 0 0 0 0 0 0 0 0 0 0
"male" 2 0 0 0 0 0 0 0 0 0 0
"male" 3 0 0 0 0 0 0 0 0 0 0
"female" 11 0 0 0 0 0 0 0 0 0 0
"female" 6 0 0 0 0 0 0 0 0 0 0
"female" 4 0 0 0 0 0 0 0 0 0 0
"male" 11 0 0 0 0 0 0 0 0 0 0
"female" 23 0 0 0 0 0 0 0 0 0 0
"male" 2 0 0 0 0 0 0 0 0 0 0
"male" 33 0 0 0 0 0 0 0 0 0 0
"female" 12 0 0 0 0 0 0 0 0 0 0
"female" 11 0 0 0 0 0 0 0 0 0 0
"female" 9 0 0 0 0 0 0 0 0 0 0
"female" 9 0 0 0 0 0 0 0 0 0 0
"female" 7 0 0 0 0 0 0 0 0 0 0
"male" 16 0 0 0 0 0 0 0 0 0 0
"female" 1 0 0 0 0 0 0 0 0 0 0
"female" 54 0 0 0 0 0 0 0 0 0 0
"male" 9 0 0 0 0 0 0 0 0 0 0
"male" 13 0 0 0 0 0 0 0 0 0 0
"male" 14 0 0 0 0 0 0 0 0 0 0
"female" 8 0 0 0 0 0 0 0 0 0 0
"female" 15 0 0 0 0 0 0 0 0 0 0
"male" 9 0 0 0 0 0 0 0 0 0 0
"male" 4 0 0 0 0 0 0 0 0 0 0
"male" 14 0 0 0 0 0 0 0 0 0 0
"male" 12 0 0 0 0 0 0 0 0 0 0
"female" 2 0 0 0 0 0 0 0 0 0 0
"female" 15 0 0 0 0 0 0 0 0 0 0
"male" 9 0 0 0 0 0 0 0 0 0 0
"male" 6 0 0 0 0 0 0 0 0 0 0
"male" 7 0 0 0 0 0 0 0 0 0 0
"male" 5 0 0 0 0 0 0 0 0 0 0
"male" 6 0 0 0 0 0 0 0 0 0 0
"female" 8 0 0 0 0 0 0 0 0 0 0
"male" 10 0 0 0 0 0 0 0 0 0 0
"female" 3 0 0 0 0 0 0 0 0 0 0
"female" 3 0 0 0 0 0 0 0 0 0 0
"female" 5 0 0 0 0 0 0 0 0 0 0
"female" 13 0 0 0 0 0 0 0 0 0 0
"male" 3 0 0 0 0 0 0 0 0 0 0
"female" 5 0 0 0 0 0 0 0 0 0 0
"male" 9 0 0 0 0 0 0 0 0 0 0
"male" 5 0 0 0 0 0 0 0 0 0 0
"female" 5 0 0 0 0 0 0 0 0 0 0
"male" 6 0 0 0 0 0 0 0 0 0 0
"female" 2 0 0 0 0 0 0 0 0 0 0
"male" 19 0 0 0 0 0 0 0 0 0 0
"female" 7 0 0 0 0 0 0 0 0 0 0
"male" 11 0 0 0 0 0 0 0 0 0 0
"female" 10 0 0 0 0 0 0 0 0 0 0
"male" 2 0 0 0 0 0 0 0 0 0 0
"female" 7 0 0 0 0 0 0 0 0 0 0
"female" 2 0 0 0 0 0 0 0 0 0 0
"female" 15 0 0 0 0 0 0 0 0 0 0
"female" 4 0 0 0 0 0 0 0 0 0 0
"male" 5 0 0 0 0 0 0 0 0 0 0
"female" 6 0 0 0 0 0 0 0 0 0 0
"female" 7 0 0 0 0 0 0 0 0 0 0
"male" 2 0 0 0 0 0 0 0 0 0 0
"male" 42 0 0 0 0 0 0 0 0 0 0
"female" 7 0 0 0 0 0 0 0 0 0 0
"female" 5 0 0 0 0 0 0 0 0 0 0
"female" 5 0 0 0 0 0 0 0 0 0 0
"female" 1 0 0 0 0 0 0 0 0 0 0
"male" 10 0 0 0 0 0 0 0 0 0 0
"male" 14 0 0 0 0 0 0 0 0 0 0
"female" 23 0 0 0 0 0 0 0 0 0 0
"male" 5 0 0 0 0 0 0 0 0 0 0
"female" 13 0 0 0 0 0 0 0 0 0 0
"male" 6 0 0 0 0 0 0 0 0 0 0
"female" 8 0 0 0 0 0 0 0 0 0 0
"male" 3 0 0 0 0 0 0 0 0 0 0
"female" 1 0 0 0 0 0 0 0 0 0 0
"female" 5 0 0 0 0 0 0 0 0 0 0
"female" 28 0 0 0 0 0 0 0 0 0 0
"female" 4 0 0 0 0 0 0 0 0 0 0
"male" 6 0 0 0 0 0 0 0 0 0 0
"female" 8 0 0 0 0 0 0 0 0 0 0
"female" 16 0 0 0 0 0 0 0 0 0 0
"female" 2 0 0 0 0 0 0 0 0 0 0
"male" 9 0 0 0 0 0 0 0 0 0 0
"male" 4 0 0 0 0 0 0 0 0 0 0
"female" 5 0 0 0 0 0 0 0 0 0 0
"female" 4 0 0 0 0 0 0 0 0 0 0
"male" 19 0 0 0 0 0 0 0 0 0 0
"male" 7 0 0 0 0 0 0 0 0 0 0
"male" 6 0 0 0 0 0 0 0 0 0 0
"female" 3 0 0 0 0 0 0 0 0 0 0
"female" 10 0 0 0 0 0 0 0 0 0 0
"male" 28 0 0 0 0 0 0 0 0 0 0
"female" 14 0 0 0 0 0 0 0 0 0 0
"female" 6 0 0 0 0 0 0 0 0 0 0
"female" 13 0 0 0 0 0 0 0 0 0 0
"female" 27 0 0 0 0 0 0 0 0 0 0
"male" 9 0 0 0 0 0 0 0 0 0 0
"male" 8 0 0 0 0 0 0 0 0 0 0
"male" 6 0 0 0 0 0 0 0 0 0 0
"male" 5 0 0 0 0 0 0 0 0 0 0
"male" 11 0 0 0 0 0 0 0 0 0 0
"male" 13 0 0 0 0 0 0 0 0 0 0
"female" 13 0 0 0 0 0 0 0 0 0 0
"female" 60 0 0 0 0 0 0 0 0 0 0
"male" 11 0 0 0 0 0 0 0 0 0 0
"female" 4 0 0 0 0 0 0 0 0 0 0
"female" 3 0 0 0 0 0 0 0 0 0 0
"male" 1 0 0 0 0 0 0 0 0 0 0
"female" 6 0 0 0 0 0 0 0 0 0 0
"male" 7 0 0 0 0 0 0 0 0 0 0
"male" 4 0 0 0 0 0 0 0 0 0 0
"female" 9 0 0 0 0 0 0 0 0 0 0
"male" 2 0 0 0 0 0 0 0 0 0 0
"female" 15 0 0 0 0 0 0 0 0 0 0
"male" 6 0 0 0 0 0 0 0 0 0 0
"female" 56 0 0 0 0 0 0 0 0 0 0
"male" 4 0 0 0 0 0 0 0 0 0 0
"male" 17 0 0 0 0 0 0 0 0 0 0
"female" 6 0 0 0 0 0 0 0 0 0 0
"male" 2 0 0 0 0 0 0 0 0 0 0
"female" 9 0 0 0 0 0 0 0 0 0 0
"male" 7 0 0 0 0 0 0 0 0 0 0
"female" 2 0 0 0 0 0 0 0 0 0 0
"female" 12 0 0 0 0 0 0 0 0 0 0
"male" 4 0 0 0 0 0 0 0 0 0 0
"male" 6 0 0 0 0 0 0 0 0 0 0
"female" 5 0 0 0 0 0 0 0 0 0 0
"male" 61 0 0 0 0 0 0 0 0 0 0
"female" 31 0 0 0 0 0 0 0 0 0 0
"female" 37 0 0 0 0 0 0 0 0 0 0
"female" 5 0 0 0 0 0 0 0 0 0 0
"male" 21 0 0 0 0 0 0 0 0 0 0
"female" 12 0 0 0 0 0 0 0 0 0 0
"female" 26 0 0 0 0 0 0 0 0 0 0
"male" 33 0 0 0 0 0 0 0 0 0 0
"male" 6 0 0 0 0 0 0 0 0 0 0
"female" 23 0 0 0 0 0 0 0 0 0 0
"male" 8 0 0 0 0 0 0 0 0 0 0
"female" 56 0 0 0 0 0 0 0 0 0 0
"male" 7 0 0 0 0 0 0 0 0 0 0
"male" 33 0 0 0 0 0 0 0 0 0 0
"male" 18 0 0 0 0 0 0 0 0 0 0
"female" 18 0 0 0 0 0 0 0 0 0 0
"male" 9 0 0 0 0 0 0 0 0 0 0
"female" 4 0 0 0 0 0 0 0 0 0 0
"female" 22 0 0 0 0 0 0 0 0 0 0
"female" 4 0 0 0 0 0 0 0 0 0 0
"female" 6 0 0 0 0 0 0 0 0 0 0
"male" 5 0 0 0 0 0 0 0 0 0 0
"female" 13 0 0 0 0 0 0 0 0 0 0
"male" 6 0 0 0 0 0 0 0 0 0 0
"male" 13 0 0 0 0 0 0 0 0 0 0
"female" 15 0 0 0 0 0 0 0 0 0 0
"male" 42 0 0 0 0 0 0 0 0 0 0
"male" 12 0 0 0 0 0 0 0 0 0 0
"female" 2 0 0 0 0 0 0 0 0 0 0
